session length: 20
sessions to play for each combine_formula: 3000



seed 1512398 

linear
(0, 88)
(1, 71)
(2, 125)
(3, 128)
(4, 140)
(5, 171)
(6, 104)
(7, 139)
(8, 161)
(9, 160)
(10, 108)
(11, 223)
(12, 118)
(13, 115)
(14, 184)
(15, 184)
(16, 105)
(17, 211)
(18, 105)
(19, 127)
(20, 137)
(21, 137)
(22, 128)
(23, 177)
(24, 164)
(25, 216)
(26, 154)
(27, 204)
(28, 200)
(29, 157)
(30, 201)
(31, 309)
(32, 202)
(33, 181)
(34, 208)
(35, 291)
(36, 180)
(37, 193)
(38, 212)
(39, 230)
(40, 260)
(41, 86)
(42, 165)
(43, 270)
(44, 121)
(45, 197)
(46, 179)
(47, 242)
(48, 90)
(49, 135)
(50, 178)
(51, 218)
(52, 241)
(53, 180)
(54, 194)
(55, 196)
(56, 214)
(57, 158)
(58, 237)
(59, 202)
(60, 236)
(61, 254)
(62, 201)
(63, 336)
(64, 151)
(65, 249)
(66, 301)
(67, 361)
(68, 369)
(69, 298)
(70, 270)
(71, 420)
(72, 441)
(73, 469)
(74, 458)
(75, 421)
(76, 337)
(77, 564)
(78, 521)
(79, 519)
(80, 554)
(81, 571)
(82, 474)
(83, 553)
(84, 433)
(85, 479)
(86, 585)
(87, 545)
(88, 502)
(89, 402)
(90, 460)
(91, 609)
(92, 604)
(93, 518)
(94, 586)
(95, 557)
(96, 487)
(97, 557)
(98, 601)
(99, 575)
28239

arithmetic
(0, -115)
(1, -293)
(2, -257)
(3, -205)
(4, -119)
(5, -70)
(6, -249)
(7, -28)
(8, -26)
(9, -168)
(10, -89)
(11, -80)
(12, -129)
(13, -94)
(14, -77)
(15, -159)
(16, -75)
(17, -29)
(18, -97)
(19, -151)
(20, -250)
(21, -15)
(22, -57)
(23, -52)
(24, -103)
(25, -22)
(26, -112)
(27, -193)
(28, -84)
(29, -81)
(30, -179)
(31, 56)
(32, -125)
(33, -126)
(34, 8)
(35, -168)
(36, -74)
(37, -20)
(38, -22)
(39, -93)
(40, 58)
(41, 41)
(42, -43)
(43, 22)
(44, -68)
(45, 60)
(46, 93)
(47, 281)
(48, -32)
(49, -34)
(50, 234)
(51, 296)
(52, 168)
(53, 108)
(54, 40)
(55, 168)
(56, 123)
(57, 207)
(58, 112)
(59, 47)
(60, 174)
(61, 196)
(62, 44)
(63, 235)
(64, 256)
(65, 170)
(66, -6)
(67, 255)
(68, 94)
(69, 15)
(70, 184)
(71, 280)
(72, 119)
(73, 283)
(74, 141)
(75, 230)
(76, 149)
(77, 224)
(78, 159)
(79, 442)
(80, 344)
(81, 246)
(82, 193)
(83, 262)
(84, 353)
(85, 143)
(86, 176)
(87, 89)
(88, 278)
(89, 246)
(90, 128)
(91, 94)
(92, 181)
(93, 134)
(94, 191)
(95, 369)
(96, 392)
(97, 279)
(98, 357)
(99, 165)
5923

pythagorean
(0, 200)
(1, 272)
(2, 305)
(3, 244)
(4, 254)
(5, 266)
(6, 222)
(7, 296)
(8, 277)
(9, 169)
(10, 185)
(11, 277)
(12, 219)
(13, 215)
(14, 265)
(15, 230)
(16, 234)
(17, 241)
(18, 365)
(19, 255)
(20, 331)
(21, 175)
(22, 219)
(23, 241)
(24, 256)
(25, 152)
(26, 279)
(27, 344)
(28, 308)
(29, 244)
(30, 213)
(31, 266)
(32, 175)
(33, 267)
(34, 259)
(35, 367)
(36, 250)
(37, 209)
(38, 269)
(39, 340)
(40, 336)
(41, 267)
(42, 221)
(43, 224)
(44, 245)
(45, 226)
(46, 342)
(47, 299)
(48, 335)
(49, 393)
(50, 328)
(51, 313)
(52, 280)
(53, 174)
(54, 345)
(55, 145)
(56, 314)
(57, 189)
(58, 282)
(59, 254)
(60, 277)
(61, 233)
(62, 298)
(63, 357)
(64, 269)
(65, 285)
(66, 306)
(67, 305)
(68, 359)
(69, 207)
(70, 203)
(71, 279)
(72, 278)
(73, 308)
(74, 231)
(75, 236)
(76, 270)
(77, 237)
(78, 303)
(79, 300)
(80, 211)
(81, 330)
(82, 281)
(83, 293)
(84, 449)
(85, 294)
(86, 199)
(87, 398)
(88, 299)
(89, 222)
(90, 268)
(91, 308)
(92, 290)
(93, 356)
(94, 221)
(95, 323)
(96, 267)
(97, 275)
(98, 246)
(99, 319)
27057

GMAB
(0, 262)
(1, 253)
(2, 176)
(3, 202)
(4, 159)
(5, 196)
(6, 140)
(7, 217)
(8, 203)
(9, 342)
(10, 202)
(11, 195)
(12, 187)
(13, 270)
(14, 210)
(15, 198)
(16, 123)
(17, 255)
(18, 158)
(19, 18)
(20, 141)
(21, 201)
(22, 175)
(23, 145)
(24, 234)
(25, 16)
(26, 189)
(27, 180)
(28, 132)
(29, 235)
(30, 123)
(31, 247)
(32, 254)
(33, 112)
(34, 140)
(35, 341)
(36, 111)
(37, 213)
(38, 240)
(39, 173)
(40, 146)
(41, 183)
(42, 136)
(43, 143)
(44, 251)
(45, 86)
(46, 155)
(47, 346)
(48, 277)
(49, 116)
(50, 249)
(51, 124)
(52, 251)
(53, 268)
(54, 194)
(55, 362)
(56, 157)
(57, 289)
(58, 227)
(59, 178)
(60, 204)
(61, 206)
(62, 257)
(63, 309)
(64, 90)
(65, 166)
(66, 206)
(67, 255)
(68, 271)
(69, 149)
(70, 224)
(71, 247)
(72, 241)
(73, 328)
(74, 150)
(75, 352)
(76, 66)
(77, 259)
(78, 129)
(79, 256)
(80, 226)
(81, 211)
(82, 238)
(83, 201)
(84, 111)
(85, 372)
(86, 219)
(87, 252)
(88, 301)
(89, 140)
(90, 104)
(91, 237)
(92, 224)
(93, 327)
(94, 222)
(95, 231)
(96, 340)
(97, 128)
(98, 217)
20562
2 2 2999 


seed 4963463 

linear
(0, 1044)
(1, 762)
(2, 958)
(3, 876)
(4, 1043)
(5, 1027)
(6, 1017)
(7, 1017)
(8, 601)
(9, 931)
(10, 971)
(11, 1065)
(12, 903)
(13, 1011)
(14, 875)
(15, 1036)
(16, 1047)
(17, 745)
(18, 1301)
(19, 1036)
(20, 1005)
(21, 1196)
(22, 1042)
(23, 833)
(24, 891)
(25, 1087)
(26, 974)
(27, 1174)
(28, 1067)
(29, 1256)
(30, 1183)
(31, 1002)
(32, 1226)
(33, 1243)
(34, 861)
(35, 1173)
(36, 1229)
(37, 894)
(38, 1265)
(39, 739)
(40, 1043)
(41, 964)
(42, 1266)
(43, 1173)
(44, 1024)
(45, 1288)
(46, 1110)
(47, 1152)
(48, 1039)
(49, 1108)
(50, 983)
(51, 1138)
(52, 987)
(53, 995)
(54, 1082)
(55, 1073)
(56, 1236)
(57, 974)
(58, 1125)
(59, 1242)
(60, 1198)
(61, 1152)
(62, 1127)
(63, 1107)
(64, 1094)
(65, 1218)
(66, 1055)
(67, 1057)
(68, 975)
(69, 1138)
(70, 1207)
(71, 1036)
(72, 1100)
(73, 1012)
(74, 1087)
(75, 1195)
(76, 940)
(77, 879)
(78, 1096)
(79, 1028)
(80, 854)
(81, 1085)
(82, 958)
(83, 1370)
(84, 1000)
(85, 945)
(86, 1024)
(87, 1016)
(88, 1031)
(89, 1061)
(90, 1051)
(91, 1238)
(92, 1015)
(93, 1168)
(94, 1298)
(95, 1028)
(96, 1265)
(97, 1163)
(98, 933)
(99, 1103)
105915

arithmetic
(0, 1115)
(1, 1032)
(2, 942)
(3, 966)
(4, 911)
(5, 992)
(6, 968)
(7, 1063)
(8, 1026)
(9, 1013)
(10, 932)
(11, 934)
(12, 909)
(13, 954)
(14, 1041)
(15, 988)
(16, 987)
(17, 1012)
(18, 982)
(19, 904)
(20, 942)
(21, 1135)
(22, 926)
(23, 964)
(24, 1063)
(25, 960)
(26, 1043)
(27, 1120)
(28, 1080)
(29, 843)
(30, 1064)
(31, 946)
(32, 918)
(33, 1036)
(34, 909)
(35, 990)
(36, 992)
(37, 1069)
(38, 962)
(39, 962)
(40, 1011)
(41, 912)
(42, 940)
(43, 1216)
(44, 1063)
(45, 897)
(46, 957)
(47, 1025)
(48, 1034)
(49, 1070)
(50, 928)
(51, 1066)
(52, 1000)
(53, 1112)
(54, 1139)
(55, 907)
(56, 984)
(57, 1103)
(58, 935)
(59, 989)
(60, 986)
(61, 1143)
(62, 1035)
(63, 1003)
(64, 994)
(65, 1015)
(66, 1074)
(67, 1103)
(68, 993)
(69, 977)
(70, 1177)
(71, 1145)
(72, 1197)
(73, 1135)
(74, 1050)
(75, 1120)
(76, 1191)
(77, 1096)
(78, 1016)
(79, 1195)
(80, 1143)
(81, 1099)
(82, 1238)
(83, 1056)
(84, 942)
(85, 1113)
(86, 966)
(87, 1098)
(88, 1075)
(89, 1139)
(90, 1088)
(91, 1207)
(92, 1028)
(93, 1260)
(94, 1199)
(95, 1176)
(96, 1250)
(97, 1054)
(98, 1043)
(99, 1164)
103866

pythagorean
(0, 554)
(1, 476)
(2, 519)
(3, 561)
(4, 489)
(5, 559)
(6, 490)
(7, 445)
(8, 490)
(9, 562)
(10, 517)
(11, 586)
(12, 452)
(13, 491)
(14, 439)
(15, 550)
(16, 494)
(17, 621)
(18, 521)
(19, 531)
(20, 480)
(21, 433)
(22, 568)
(23, 550)
(24, 526)
(25, 622)
(26, 627)
(27, 658)
(28, 620)
(29, 547)
(30, 660)
(31, 599)
(32, 673)
(33, 645)
(34, 574)
(35, 723)
(36, 583)
(37, 578)
(38, 571)
(39, 506)
(40, 727)
(41, 500)
(42, 554)
(43, 509)
(44, 672)
(45, 679)
(46, 534)
(47, 619)
(48, 541)
(49, 655)
(50, 612)
(51, 621)
(52, 636)
(53, 734)
(54, 628)
(55, 664)
(56, 694)
(57, 647)
(58, 627)
(59, 571)
(60, 578)
(61, 601)
(62, 745)
(63, 748)
(64, 531)
(65, 666)
(66, 542)
(67, 732)
(68, 563)
(69, 733)
(70, 690)
(71, 676)
(72, 692)
(73, 591)
(74, 646)
(75, 680)
(76, 631)
(77, 757)
(78, 731)
(79, 534)
(80, 636)
(81, 539)
(82, 689)
(83, 682)
(84, 690)
(85, 659)
(86, 602)
(87, 650)
(88, 692)
(89, 606)
(90, 724)
(91, 746)
(92, 675)
(93, 642)
(94, 758)
(95, 793)
(96, 724)
(97, 662)
(98, 715)
(99, 674)
61139

GMAB
(0, -433)
(1, -380)
(2, -357)
(3, -455)
(4, -429)
(5, -519)
(6, -283)
(7, -518)
(8, -519)
(9, -516)
(10, -503)
(11, -542)
(12, -495)
(13, -481)
(14, -493)
(15, -354)
(16, -486)
(17, -444)
(18, -490)
(19, -509)
(20, -465)
(21, -449)
(22, -341)
(23, -567)
(24, -451)
(25, -479)
(26, -510)
(27, -321)
(28, -409)
(29, -462)
(30, -496)
(31, -591)
(32, -450)
(33, -487)
(34, -410)
(35, -499)
(36, -582)
(37, -450)
(38, -493)
(39, -677)
(40, -344)
(41, -399)
(42, -555)
(43, -487)
(44, -438)
(45, -673)
(46, -509)
(47, -443)
(48, -658)
(49, -506)
(50, -349)
(51, -410)
(52, -467)
(53, -495)
(54, -471)
(55, -448)
(56, -535)
(57, -510)
(58, -413)
(59, -329)
(60, -429)
(61, -483)
(62, -557)
(63, -299)
(64, -428)
(65, -441)
(66, -413)
(67, -459)
(68, -433)
(69, -419)
(70, -416)
(71, -471)
(72, -470)
(73, -399)
(74, -499)
(75, -606)
(76, -426)
(77, -388)
(78, -476)
(79, -498)
(80, -625)
(81, -374)
(82, -442)
(83, -375)
(84, -504)
(85, -555)
(86, -570)
(87, -483)
(88, -510)
(89, -506)
(90, -469)
(91, -445)
(92, -470)
(93, -396)
(94, -377)
(95, -498)
(96, -443)
(97, -489)
(98, -472)
-46645
2 2 2999 


seed 1283218 

linear
(0, 784)
(1, 844)
(2, 793)
(3, 664)
(4, 697)
(5, 828)
(6, 754)
(7, 784)
(8, 657)
(9, 734)
(10, 700)
(11, 803)
(12, 731)
(13, 800)
(14, 637)
(15, 723)
(16, 810)
(17, 787)
(18, 673)
(19, 658)
(20, 750)
(21, 759)
(22, 672)
(23, 803)
(24, 690)
(25, 691)
(26, 716)
(27, 673)
(28, 654)
(29, 754)
(30, 833)
(31, 730)
(32, 731)
(33, 737)
(34, 674)
(35, 694)
(36, 753)
(37, 705)
(38, 700)
(39, 763)
(40, 704)
(41, 753)
(42, 627)
(43, 782)
(44, 710)
(45, 706)
(46, 823)
(47, 853)
(48, 744)
(49, 865)
(50, 685)
(51, 808)
(52, 766)
(53, 820)
(54, 832)
(55, 767)
(56, 774)
(57, 833)
(58, 764)
(59, 768)
(60, 766)
(61, 770)
(62, 777)
(63, 875)
(64, 747)
(65, 879)
(66, 903)
(67, 891)
(68, 889)
(69, 800)
(70, 964)
(71, 789)
(72, 749)
(73, 742)
(74, 752)
(75, 769)
(76, 858)
(77, 807)
(78, 840)
(79, 788)
(80, 794)
(81, 873)
(82, 889)
(83, 826)
(84, 762)
(85, 874)
(86, 819)
(87, 872)
(88, 705)
(89, 827)
(90, 938)
(91, 902)
(92, 904)
(93, 904)
(94, 864)
(95, 831)
(96, 884)
(97, 872)
(98, 950)
(99, 877)
78249

arithmetic
(0, 865)
(1, 786)
(2, 846)
(3, 930)
(4, 960)
(5, 873)
(6, 601)
(7, 953)
(8, 734)
(9, 928)
(10, 631)
(11, 886)
(12, 771)
(13, 435)
(14, 626)
(15, 686)
(16, 865)
(17, 568)
(18, 807)
(19, 717)
(20, 632)
(21, 670)
(22, 708)
(23, 1027)
(24, 690)
(25, 818)
(26, 882)
(27, 802)
(28, 788)
(29, 744)
(30, 750)
(31, 859)
(32, 864)
(33, 838)
(34, 686)
(35, 842)
(36, 818)
(37, 827)
(38, 839)
(39, 786)
(40, 967)
(41, 823)
(42, 859)
(43, 846)
(44, 1063)
(45, 673)
(46, 940)
(47, 775)
(48, 789)
(49, 862)
(50, 829)
(51, 888)
(52, 808)
(53, 821)
(54, 864)
(55, 899)
(56, 872)
(57, 964)
(58, 908)
(59, 990)
(60, 951)
(61, 885)
(62, 750)
(63, 751)
(64, 875)
(65, 882)
(66, 684)
(67, 1002)
(68, 835)
(69, 747)
(70, 1064)
(71, 806)
(72, 990)
(73, 604)
(74, 848)
(75, 763)
(76, 958)
(77, 907)
(78, 892)
(79, 792)
(80, 943)
(81, 998)
(82, 921)
(83, 952)
(84, 920)
(85, 1088)
(86, 947)
(87, 957)
(88, 921)
(89, 995)
(90, 820)
(91, 944)
(92, 1095)
(93, 964)
(94, 791)
(95, 885)
(96, 941)
(97, 791)
(98, 864)
(99, 1019)
84520

pythagorean
(0, -187)
(1, -394)
(2, -101)
(3, -260)
(4, -192)
(5, -369)
(6, -150)
(7, -148)
(8, -131)
(9, -223)
(10, -301)
(11, -190)
(12, -11)
(13, -351)
(14, -264)
(15, -332)
(16, -167)
(17, -276)
(18, -323)
(19, -316)
(20, 27)
(21, -206)
(22, -216)
(23, -193)
(24, -188)
(25, -250)
(26, -5)
(27, -379)
(28, 8)
(29, -262)
(30, -52)
(31, -30)
(32, -110)
(33, -202)
(34, 17)
(35, -60)
(36, 124)
(37, -287)
(38, -103)
(39, -137)
(40, -197)
(41, 17)
(42, -175)
(43, -70)
(44, -38)
(45, -224)
(46, -38)
(47, -73)
(48, 34)
(49, -159)
(50, -162)
(51, -309)
(52, -66)
(53, -369)
(54, -54)
(55, -165)
(56, -336)
(57, -6)
(58, -499)
(59, 26)
(60, -367)
(61, -75)
(62, -256)
(63, -246)
(64, -39)
(65, 30)
(66, -505)
(67, 100)
(68, -215)
(69, 58)
(70, -103)
(71, -126)
(72, -200)
(73, -76)
(74, 147)
(75, 118)
(76, -53)
(77, 78)
(78, -156)
(79, 26)
(80, -199)
(81, -23)
(82, -15)
(83, 23)
(84, 25)
(85, -217)
(86, -238)
(87, -115)
(88, -71)
(89, -10)
(90, -124)
(91, -274)
(92, -110)
(93, 10)
(94, -67)
(95, -179)
(96, -132)
(97, -13)
(98, -32)
(99, -152)
-13826

GMAB
(0, 762)
(1, 652)
(2, 754)
(3, 744)
(4, 623)
(5, 798)
(6, 691)
(7, 731)
(8, 673)
(9, 836)
(10, 720)
(11, 712)
(12, 825)
(13, 728)
(14, 781)
(15, 785)
(16, 745)
(17, 792)
(18, 796)
(19, 768)
(20, 775)
(21, 827)
(22, 739)
(23, 694)
(24, 777)
(25, 821)
(26, 729)
(27, 803)
(28, 849)
(29, 760)
(30, 720)
(31, 728)
(32, 716)
(33, 744)
(34, 792)
(35, 730)
(36, 651)
(37, 703)
(38, 768)
(39, 710)
(40, 858)
(41, 584)
(42, 760)
(43, 732)
(44, 842)
(45, 666)
(46, 740)
(47, 736)
(48, 805)
(49, 876)
(50, 790)
(51, 713)
(52, 715)
(53, 839)
(54, 776)
(55, 724)
(56, 772)
(57, 867)
(58, 757)
(59, 644)
(60, 829)
(61, 708)
(62, 780)
(63, 778)
(64, 778)
(65, 736)
(66, 724)
(67, 821)
(68, 757)
(69, 787)
(70, 767)
(71, 718)
(72, 852)
(73, 624)
(74, 757)
(75, 808)
(76, 712)
(77, 848)
(78, 713)
(79, 701)
(80, 739)
(81, 860)
(82, 804)
(83, 738)
(84, 793)
(85, 770)
(86, 782)
(87, 746)
(88, 738)
(89, 754)
(90, 663)
(91, 812)
(92, 723)
(93, 777)
(94, 696)
(95, 720)
(96, 762)
(97, 597)
(98, 644)
75185
2999 2 2 


seed 8374263 

linear
(0, -10)
(1, -2)
(2, 69)
(3, 51)
(4, 156)
(5, 128)
(6, -12)
(7, 100)
(8, 108)
(9, 130)
(10, 77)
(11, 10)
(12, -31)
(13, -36)
(14, 130)
(15, 178)
(16, -89)
(17, 65)
(18, 149)
(19, 164)
(20, 63)
(21, 254)
(22, 90)
(23, 135)
(24, 186)
(25, 253)
(26, 133)
(27, 253)
(28, 289)
(29, 150)
(30, 145)
(31, 211)
(32, 223)
(33, 298)
(34, 249)
(35, 228)
(36, 258)
(37, 249)
(38, 226)
(39, 337)
(40, 154)
(41, 144)
(42, 189)
(43, 277)
(44, 310)
(45, 216)
(46, 206)
(47, 358)
(48, 323)
(49, 299)
(50, 344)
(51, 266)
(52, 336)
(53, 286)
(54, 319)
(55, 236)
(56, 396)
(57, 311)
(58, 384)
(59, 425)
(60, 238)
(61, 439)
(62, 470)
(63, 438)
(64, 327)
(65, 310)
(66, 368)
(67, 255)
(68, 447)
(69, 367)
(70, 418)
(71, 413)
(72, 251)
(73, 306)
(74, 330)
(75, 324)
(76, 387)
(77, 252)
(78, 278)
(79, 365)
(80, 359)
(81, 415)
(82, 340)
(83, 295)
(84, 540)
(85, 627)
(86, 515)
(87, 644)
(88, 553)
(89, 461)
(90, 477)
(91, 584)
(92, 573)
(93, 745)
(94, 575)
(95, 547)
(96, 595)
(97, 599)
(98, 558)
(99, 660)
28989

arithmetic
(0, 217)
(1, 243)
(2, 299)
(3, 329)
(4, 333)
(5, 248)
(6, 319)
(7, 325)
(8, 314)
(9, 285)
(10, 215)
(11, 300)
(12, 241)
(13, 246)
(14, 369)
(15, 259)
(16, 449)
(17, 265)
(18, 229)
(19, 252)
(20, 195)
(21, 396)
(22, 268)
(23, 310)
(24, 364)
(25, 329)
(26, 282)
(27, 167)
(28, 239)
(29, 241)
(30, 303)
(31, 395)
(32, 392)
(33, 293)
(34, 331)
(35, 331)
(36, 321)
(37, 348)
(38, 458)
(39, 332)
(40, 376)
(41, 356)
(42, 421)
(43, 341)
(44, 398)
(45, 245)
(46, 371)
(47, 314)
(48, 314)
(49, 350)
(50, 257)
(51, 357)
(52, 352)
(53, 241)
(54, 382)
(55, 350)
(56, 466)
(57, 404)
(58, 279)
(59, 401)
(60, 447)
(61, 320)
(62, 327)
(63, 442)
(64, 327)
(65, 445)
(66, 386)
(67, 375)
(68, 414)
(69, 387)
(70, 431)
(71, 459)
(72, 554)
(73, 413)
(74, 332)
(75, 563)
(76, 372)
(77, 406)
(78, 490)
(79, 470)
(80, 509)
(81, 533)
(82, 458)
(83, 387)
(84, 391)
(85, 547)
(86, 574)
(87, 581)
(88, 583)
(89, 585)
(90, 498)
(91, 504)
(92, 506)
(93, 595)
(94, 667)
(95, 513)
(96, 531)
(97, 514)
(98, 582)
(99, 509)
37934

pythagorean
(0, 138)
(1, 400)
(2, 131)
(3, -21)
(4, 110)
(5, 2)
(6, -102)
(7, 57)
(8, 124)
(9, 149)
(10, 139)
(11, 373)
(12, 293)
(13, 108)
(14, -75)
(15, 82)
(16, 127)
(17, 61)
(18, 93)
(19, 55)
(20, 27)
(21, 0)
(22, 146)
(23, -18)
(24, 326)
(25, -143)
(26, 73)
(27, 158)
(28, 63)
(29, 266)
(30, -117)
(31, 132)
(32, 333)
(33, 56)
(34, 67)
(35, 312)
(36, -85)
(37, 113)
(38, 158)
(39, 119)
(40, 25)
(41, 155)
(42, 92)
(43, 80)
(44, 387)
(45, 179)
(46, 140)
(47, 88)
(48, 235)
(49, 156)
(50, 307)
(51, 248)
(52, 176)
(53, 164)
(54, 110)
(55, 150)
(56, 295)
(57, 410)
(58, 261)
(59, 81)
(60, 251)
(61, 242)
(62, 268)
(63, 336)
(64, 265)
(65, 126)
(66, 331)
(67, 87)
(68, 305)
(69, 83)
(70, 234)
(71, 344)
(72, 104)
(73, 303)
(74, 290)
(75, 14)
(76, 184)
(77, 293)
(78, 278)
(79, 128)
(80, 241)
(81, 256)
(82, 134)
(83, 184)
(84, 406)
(85, 281)
(86, 187)
(87, 287)
(88, 134)
(89, -7)
(90, 73)
(91, 264)
(92, 142)
(93, 145)
(94, 326)
(95, 22)
(96, 527)
(97, 271)
(98, 323)
(99, 0)
16631

GMAB
(0, 1444)
(1, 1531)
(2, 1354)
(3, 1300)
(4, 1340)
(5, 1380)
(6, 1455)
(7, 1188)
(8, 1480)
(9, 1251)
(10, 1533)
(11, 1369)
(12, 1453)
(13, 1588)
(14, 1428)
(15, 1446)
(16, 1525)
(17, 1240)
(18, 1603)
(19, 1590)
(20, 1370)
(21, 1342)
(22, 1579)
(23, 1560)
(24, 1427)
(25, 1473)
(26, 1360)
(27, 1443)
(28, 1334)
(29, 1418)
(30, 1420)
(31, 1369)
(32, 1572)
(33, 1654)
(34, 1301)
(35, 1496)
(36, 1509)
(37, 1319)
(38, 1524)
(39, 1452)
(40, 1505)
(41, 1452)
(42, 1457)
(43, 1312)
(44, 1274)
(45, 1356)
(46, 1384)
(47, 1535)
(48, 1368)
(49, 1399)
(50, 1374)
(51, 1375)
(52, 1264)
(53, 1242)
(54, 1473)
(55, 1362)
(56, 1521)
(57, 1292)
(58, 1516)
(59, 1532)
(60, 1479)
(61, 1406)
(62, 1401)
(63, 1451)
(64, 1536)
(65, 1281)
(66, 1434)
(67, 1422)
(68, 1438)
(69, 1129)
(70, 1540)
(71, 1550)
(72, 1557)
(73, 1328)
(74, 1391)
(75, 1386)
(76, 1391)
(77, 1505)
(78, 1435)
(79, 1537)
(80, 1428)
(81, 1406)
(82, 1435)
(83, 1609)
(84, 1394)
(85, 1349)
(86, 1327)
(87, 1278)
(88, 1383)
(89, 1347)
(90, 1378)
(91, 1667)
(92, 1579)
(93, 1253)
(94, 1463)
(95, 1396)
(96, 1356)
(97, 1490)
(98, 1407)
142378
2999 2 2 


seed 6712362 

linear
(0, 253)
(1, 200)
(2, 339)
(3, 262)
(4, 329)
(5, 304)
(6, 160)
(7, 259)
(8, 258)
(9, 226)
(10, 193)
(11, 298)
(12, 294)
(13, 303)
(14, 455)
(15, 364)
(16, 207)
(17, 298)
(18, 356)
(19, 503)
(20, 449)
(21, 321)
(22, 351)
(23, 337)
(24, 317)
(25, 362)
(26, 444)
(27, 304)
(28, 377)
(29, 254)
(30, 478)
(31, 394)
(32, 88)
(33, 291)
(34, 324)
(35, 347)
(36, 263)
(37, 411)
(38, 217)
(39, 309)
(40, 240)
(41, 457)
(42, 452)
(43, 334)
(44, 360)
(45, 469)
(46, 517)
(47, 365)
(48, 327)
(49, 372)
(50, 545)
(51, 397)
(52, 201)
(53, 402)
(54, 400)
(55, 342)
(56, 368)
(57, 329)
(58, 533)
(59, 346)
(60, 385)
(61, 297)
(62, 515)
(63, 324)
(64, 331)
(65, 483)
(66, 297)
(67, 436)
(68, 526)
(69, 489)
(70, 463)
(71, 282)
(72, 262)
(73, 434)
(74, 478)
(75, 382)
(76, 402)
(77, 431)
(78, 358)
(79, 405)
(80, 527)
(81, 375)
(82, 345)
(83, 398)
(84, 415)
(85, 290)
(86, 425)
(87, 451)
(88, 525)
(89, 372)
(90, 515)
(91, 393)
(92, 709)
(93, 481)
(94, 463)
(95, 480)
(96, 722)
(97, 432)
(98, 617)
(99, 444)
37614

arithmetic
(0, -88)
(1, -55)
(2, 84)
(3, -58)
(4, 31)
(5, -68)
(6, -17)
(7, 16)
(8, -59)
(9, 41)
(10, -30)
(11, 60)
(12, 10)
(13, 53)
(14, 8)
(15, 30)
(16, -63)
(17, 121)
(18, -131)
(19, -8)
(20, -15)
(21, -6)
(22, 151)
(23, -49)
(24, 111)
(25, -5)
(26, 59)
(27, 42)
(28, -72)
(29, 145)
(30, 145)
(31, 43)
(32, 122)
(33, 130)
(34, 18)
(35, 93)
(36, 101)
(37, 26)
(38, -63)
(39, 147)
(40, 121)
(41, 40)
(42, 59)
(43, 86)
(44, 155)
(45, -1)
(46, 27)
(47, 43)
(48, 24)
(49, 106)
(50, 88)
(51, 32)
(52, 78)
(53, 57)
(54, 14)
(55, 4)
(56, 176)
(57, 37)
(58, 201)
(59, -116)
(60, 182)
(61, 104)
(62, 104)
(63, 37)
(64, 12)
(65, -125)
(66, 132)
(67, -27)
(68, -13)
(69, 39)
(70, 127)
(71, -45)
(72, 88)
(73, 194)
(74, 145)
(75, 142)
(76, -17)
(77, 13)
(78, 139)
(79, 56)
(80, 6)
(81, 186)
(82, 57)
(83, 105)
(84, 101)
(85, 45)
(86, 129)
(87, 185)
(88, 209)
(89, 33)
(90, 140)
(91, -75)
(92, 144)
(93, -23)
(94, 79)
(95, -117)
(96, 145)
(97, 166)
(98, 183)
(99, -119)
5097

pythagorean
(0, 301)
(1, 250)
(2, 387)
(3, 234)
(4, 222)
(5, 359)
(6, 118)
(7, 278)
(8, 300)
(9, 315)
(10, 326)
(11, 249)
(12, 426)
(13, 340)
(14, 259)
(15, 346)
(16, 335)
(17, 341)
(18, 310)
(19, 274)
(20, 327)
(21, 172)
(22, 362)
(23, 230)
(24, 359)
(25, 314)
(26, 299)
(27, 145)
(28, 287)
(29, 310)
(30, 295)
(31, 351)
(32, 204)
(33, 542)
(34, 175)
(35, 340)
(36, 335)
(37, 362)
(38, 274)
(39, 275)
(40, 239)
(41, 327)
(42, 418)
(43, 399)
(44, 360)
(45, 378)
(46, 230)
(47, 262)
(48, 299)
(49, 241)
(50, 140)
(51, 263)
(52, 423)
(53, 292)
(54, 439)
(55, 350)
(56, 341)
(57, 230)
(58, 303)
(59, 353)
(60, 362)
(61, 269)
(62, 378)
(63, 254)
(64, 313)
(65, 405)
(66, 615)
(67, 269)
(68, 303)
(69, 423)
(70, 277)
(71, 335)
(72, 403)
(73, 401)
(74, 258)
(75, 452)
(76, 328)
(77, 267)
(78, 324)
(79, 298)
(80, 373)
(81, 387)
(82, 401)
(83, 468)
(84, 512)
(85, 328)
(86, 415)
(87, 301)
(88, 327)
(89, 483)
(90, 369)
(91, 246)
(92, 451)
(93, 361)
(94, 269)
(95, 495)
(96, 276)
(97, 283)
(98, 362)
(99, 350)
32606

GMAB
(0, 253)
(1, 221)
(2, 328)
(3, 310)
(4, 65)
(5, 343)
(6, 244)
(7, 158)
(8, 172)
(9, -21)
(10, 72)
(11, 131)
(12, 139)
(13, 101)
(14, 171)
(15, 243)
(16, 253)
(17, 213)
(18, 152)
(19, 276)
(20, 188)
(21, 285)
(22, 249)
(23, 158)
(24, 175)
(25, 261)
(26, 99)
(27, 183)
(28, 219)
(29, 147)
(30, 291)
(31, 226)
(32, 217)
(33, 328)
(34, 247)
(35, 275)
(36, 295)
(37, 211)
(38, 292)
(39, 307)
(40, 191)
(41, 152)
(42, 88)
(43, 243)
(44, 339)
(45, 163)
(46, 42)
(47, 182)
(48, 323)
(49, 208)
(50, 256)
(51, 330)
(52, 230)
(53, 130)
(54, 236)
(55, 269)
(56, 269)
(57, 148)
(58, 159)
(59, 247)
(60, 217)
(61, 267)
(62, 119)
(63, 191)
(64, 327)
(65, 228)
(66, 295)
(67, 219)
(68, 296)
(69, 233)
(70, 260)
(71, 205)
(72, 169)
(73, 236)
(74, 222)
(75, 192)
(76, 142)
(77, 88)
(78, 67)
(79, 180)
(80, 4)
(81, 110)
(82, 144)
(83, -12)
(84, 107)
(85, 30)
(86, -5)
(87, 118)
(88, -41)
(89, 127)
(90, 88)
(91, 136)
(92, 119)
(93, 27)
(94, 86)
(95, 78)
(96, 141)
(97, 89)
(98, 60)
18338
2085 2 916 


seed 4387523 

linear
(0, 658)
(1, 680)
(2, 554)
(3, 582)
(4, 492)
(5, 623)
(6, 525)
(7, 496)
(8, 753)
(9, 460)
(10, 471)
(11, 631)
(12, 508)
(13, 717)
(14, 861)
(15, 567)
(16, 707)
(17, 743)
(18, 736)
(19, 485)
(20, 632)
(21, 682)
(22, 735)
(23, 665)
(24, 691)
(25, 838)
(26, 904)
(27, 557)
(28, 567)
(29, 602)
(30, 537)
(31, 715)
(32, 782)
(33, 549)
(34, 546)
(35, 649)
(36, 410)
(37, 597)
(38, 662)
(39, 691)
(40, 656)
(41, 498)
(42, 645)
(43, 559)
(44, 437)
(45, 725)
(46, 489)
(47, 825)
(48, 675)
(49, 617)
(50, 699)
(51, 752)
(52, 875)
(53, 818)
(54, 576)
(55, 717)
(56, 543)
(57, 691)
(58, 867)
(59, 589)
(60, 484)
(61, 696)
(62, 785)
(63, 717)
(64, 699)
(65, 857)
(66, 703)
(67, 742)
(68, 736)
(69, 767)
(70, 748)
(71, 724)
(72, 813)
(73, 729)
(74, 709)
(75, 646)
(76, 791)
(77, 748)
(78, 681)
(79, 710)
(80, 504)
(81, 491)
(82, 777)
(83, 856)
(84, 909)
(85, 898)
(86, 879)
(87, 758)
(88, 759)
(89, 802)
(90, 751)
(91, 762)
(92, 501)
(93, 740)
(94, 673)
(95, 874)
(96, 614)
(97, 895)
(98, 831)
(99, 537)
67809

arithmetic
(0, 1257)
(1, 1255)
(2, 1194)
(3, 1319)
(4, 1250)
(5, 1173)
(6, 1292)
(7, 1136)
(8, 1179)
(9, 1118)
(10, 1286)
(11, 1228)
(12, 1445)
(13, 1219)
(14, 1302)
(15, 1370)
(16, 1340)
(17, 1159)
(18, 1278)
(19, 1276)
(20, 1301)
(21, 1132)
(22, 1280)
(23, 1162)
(24, 1158)
(25, 1266)
(26, 1304)
(27, 1251)
(28, 1331)
(29, 1383)
(30, 1268)
(31, 1409)
(32, 1366)
(33, 1159)
(34, 1316)
(35, 1248)
(36, 1236)
(37, 1251)
(38, 1155)
(39, 1340)
(40, 1217)
(41, 1300)
(42, 1323)
(43, 1415)
(44, 1331)
(45, 1244)
(46, 1174)
(47, 1219)
(48, 1280)
(49, 1199)
(50, 1361)
(51, 1053)
(52, 1283)
(53, 1355)
(54, 1319)
(55, 1607)
(56, 1154)
(57, 1285)
(58, 1140)
(59, 1322)
(60, 1354)
(61, 1539)
(62, 1408)
(63, 1286)
(64, 1168)
(65, 1384)
(66, 1470)
(67, 1350)
(68, 1303)
(69, 1182)
(70, 1299)
(71, 1404)
(72, 1204)
(73, 1268)
(74, 1307)
(75, 1272)
(76, 1162)
(77, 1437)
(78, 1373)
(79, 1388)
(80, 1334)
(81, 1270)
(82, 1298)
(83, 1417)
(84, 1461)
(85, 1393)
(86, 1340)
(87, 1303)
(88, 1238)
(89, 1198)
(90, 1374)
(91, 1274)
(92, 1285)
(93, 1444)
(94, 1321)
(95, 1318)
(96, 1564)
(97, 1531)
(98, 1327)
(99, 1385)
129606

pythagorean
(0, 314)
(1, 332)
(2, 252)
(3, 343)
(4, 290)
(5, 321)
(6, 242)
(7, 176)
(8, 311)
(9, 452)
(10, 361)
(11, 306)
(12, 380)
(13, 335)
(14, 283)
(15, 303)
(16, 339)
(17, 382)
(18, 280)
(19, 404)
(20, 426)
(21, 202)
(22, 326)
(23, 484)
(24, 364)
(25, 354)
(26, 484)
(27, 430)
(28, 420)
(29, 305)
(30, 379)
(31, 381)
(32, 376)
(33, 417)
(34, 407)
(35, 443)
(36, 443)
(37, 524)
(38, 423)
(39, 255)
(40, 329)
(41, 390)
(42, 543)
(43, 292)
(44, 403)
(45, 367)
(46, 240)
(47, 417)
(48, 402)
(49, 485)
(50, 415)
(51, 473)
(52, 526)
(53, 345)
(54, 333)
(55, 433)
(56, 297)
(57, 498)
(58, 556)
(59, 368)
(60, 330)
(61, 448)
(62, 331)
(63, 405)
(64, 420)
(65, 336)
(66, 493)
(67, 449)
(68, 552)
(69, 500)
(70, 497)
(71, 393)
(72, 366)
(73, 418)
(74, 300)
(75, 334)
(76, 452)
(77, 349)
(78, 537)
(79, 427)
(80, 462)
(81, 446)
(82, 368)
(83, 597)
(84, 527)
(85, 537)
(86, 492)
(87, 450)
(88, 466)
(89, 587)
(90, 387)
(91, 514)
(92, 480)
(93, 419)
(94, 467)
(95, 530)
(96, 461)
(97, 412)
(98, 482)
(99, 457)
40239

GMAB
(0, -128)
(1, 79)
(2, -149)
(3, 167)
(4, 81)
(5, 288)
(6, -279)
(7, 138)
(8, -147)
(9, -679)
(10, -241)
(11, -386)
(12, -356)
(13, -507)
(14, -409)
(15, -418)
(16, -461)
(17, -365)
(18, -415)
(19, -557)
(20, -253)
(21, -654)
(22, -547)
(23, -415)
(24, -431)
(25, -416)
(26, -346)
(27, -570)
(28, -363)
(29, -496)
(30, -355)
(31, -488)
(32, -354)
(33, -579)
(34, -431)
(35, -456)
(36, -487)
(37, -369)
(38, -604)
(39, -455)
(40, -515)
(41, -687)
(42, -274)
(43, -479)
(44, -293)
(45, -408)
(46, -388)
(47, -421)
(48, -421)
(49, -596)
(50, -649)
(51, -430)
(52, -297)
(53, -374)
(54, -488)
(55, -356)
(56, -359)
(57, -220)
(58, -259)
(59, -404)
(60, -256)
(61, -393)
(62, -438)
(63, -339)
(64, -332)
(65, -431)
(66, -600)
(67, -492)
(68, -457)
(69, -394)
(70, -499)
(71, -419)
(72, -406)
(73, -569)
(74, -223)
(75, -223)
(76, -453)
(77, -433)
(78, -500)
(79, -519)
(80, -486)
(81, -498)
(82, -447)
(83, -409)
(84, -513)
(85, -74)
(86, -503)
(87, -482)
(88, -310)
(89, -413)
(90, -430)
(91, -439)
(92, -402)
(93, -533)
(94, -443)
(95, -363)
(96, -564)
(97, -405)
(98, -144)
-38615
283 2 2718 


seed 6734345 

linear
(0, 244)
(1, 211)
(2, 209)
(3, 400)
(4, 320)
(5, 281)
(6, 203)
(7, 129)
(8, 280)
(9, 279)
(10, 292)
(11, 336)
(12, 153)
(13, 278)
(14, 156)
(15, 209)
(16, 319)
(17, 265)
(18, 306)
(19, 243)
(20, 298)
(21, 339)
(22, 212)
(23, 343)
(24, 359)
(25, 222)
(26, 377)
(27, 450)
(28, 306)
(29, 275)
(30, 196)
(31, 365)
(32, 315)
(33, 265)
(34, 260)
(35, 340)
(36, 496)
(37, 241)
(38, 468)
(39, 325)
(40, 541)
(41, 251)
(42, 482)
(43, 460)
(44, 510)
(45, 344)
(46, 281)
(47, 376)
(48, 288)
(49, 417)
(50, 294)
(51, 307)
(52, 554)
(53, 407)
(54, 436)
(55, 419)
(56, 335)
(57, 317)
(58, 472)
(59, 543)
(60, 313)
(61, 530)
(62, 406)
(63, 491)
(64, 466)
(65, 575)
(66, 480)
(67, 505)
(68, 617)
(69, 621)
(70, 562)
(71, 789)
(72, 709)
(73, 708)
(74, 682)
(75, 661)
(76, 695)
(77, 831)
(78, 830)
(79, 793)
(80, 892)
(81, 880)
(82, 777)
(83, 634)
(84, 757)
(85, 857)
(86, 784)
(87, 840)
(88, 858)
(89, 747)
(90, 940)
(91, 920)
(92, 822)
(93, 902)
(94, 1034)
(95, 900)
(96, 940)
(97, 1060)
(98, 1132)
(99, 802)
49341

arithmetic
(0, 433)
(1, 569)
(2, 371)
(3, 303)
(4, 288)
(5, 429)
(6, 343)
(7, 505)
(8, 449)
(9, 487)
(10, 330)
(11, 434)
(12, 527)
(13, 454)
(14, 328)
(15, 494)
(16, 383)
(17, 472)
(18, 202)
(19, 365)
(20, 286)
(21, 454)
(22, 497)
(23, 421)
(24, 369)
(25, 436)
(26, 461)
(27, 372)
(28, 558)
(29, 306)
(30, 391)
(31, 483)
(32, 559)
(33, 473)
(34, 388)
(35, 416)
(36, 384)
(37, 564)
(38, 428)
(39, 395)
(40, 374)
(41, 361)
(42, 593)
(43, 449)
(44, 473)
(45, 282)
(46, 498)
(47, 473)
(48, 520)
(49, 488)
(50, 489)
(51, 332)
(52, 419)
(53, 488)
(54, 682)
(55, 587)
(56, 524)
(57, 474)
(58, 360)
(59, 583)
(60, 464)
(61, 368)
(62, 555)
(63, 557)
(64, 495)
(65, 544)
(66, 583)
(67, 633)
(68, 693)
(69, 514)
(70, 588)
(71, 537)
(72, 675)
(73, 719)
(74, 588)
(75, 565)
(76, 488)
(77, 590)
(78, 582)
(79, 616)
(80, 655)
(81, 608)
(82, 655)
(83, 530)
(84, 550)
(85, 649)
(86, 645)
(87, 525)
(88, 621)
(89, 600)
(90, 734)
(91, 560)
(92, 727)
(93, 640)
(94, 637)
(95, 647)
(96, 750)
(97, 760)
(98, 860)
(99, 827)
50790

pythagorean
(0, 415)
(1, 626)
(2, 493)
(3, 775)
(4, 528)
(5, 367)
(6, 579)
(7, 448)
(8, 495)
(9, 384)
(10, 752)
(11, 444)
(12, 650)
(13, 598)
(14, 690)
(15, 706)
(16, 614)
(17, 677)
(18, 772)
(19, 836)
(20, 876)
(21, 794)
(22, 542)
(23, 756)
(24, 815)
(25, 791)
(26, 903)
(27, 953)
(28, 661)
(29, 774)
(30, 899)
(31, 627)
(32, 680)
(33, 820)
(34, 988)
(35, 889)
(36, 890)
(37, 876)
(38, 972)
(39, 812)
(40, 905)
(41, 988)
(42, 964)
(43, 1172)
(44, 1270)
(45, 1048)
(46, 1103)
(47, 1169)
(48, 1217)
(49, 1025)
(50, 1154)
(51, 1199)
(52, 1059)
(53, 1216)
(54, 1169)
(55, 1035)
(56, 1275)
(57, 1053)
(58, 923)
(59, 1097)
(60, 1097)
(61, 1147)
(62, 1110)
(63, 1084)
(64, 1068)
(65, 1042)
(66, 1203)
(67, 1029)
(68, 969)
(69, 1141)
(70, 990)
(71, 1238)
(72, 1218)
(73, 1362)
(74, 1101)
(75, 1066)
(76, 1245)
(77, 1293)
(78, 918)
(79, 984)
(80, 1137)
(81, 1161)
(82, 1157)
(83, 866)
(84, 927)
(85, 1131)
(86, 855)
(87, 1140)
(88, 1065)
(89, 1049)
(90, 1083)
(91, 1032)
(92, 1189)
(93, 973)
(94, 1217)
(95, 1149)
(96, 1016)
(97, 1156)
(98, 1039)
(99, 1069)
93924

GMAB
(0, -354)
(1, -497)
(2, -274)
(3, -501)
(4, -258)
(5, -329)
(6, -387)
(7, -383)
(8, -433)
(9, -325)
(10, -408)
(11, -461)
(12, -282)
(13, -393)
(14, -308)
(15, -352)
(16, -223)
(17, -327)
(18, -348)
(19, -398)
(20, -291)
(21, -363)
(22, -253)
(23, -425)
(24, -346)
(25, -274)
(26, -292)
(27, -427)
(28, -296)
(29, -221)
(30, -240)
(31, -342)
(32, -398)
(33, -342)
(34, -512)
(35, -323)
(36, -346)
(37, -338)
(38, -336)
(39, -492)
(40, -389)
(41, -523)
(42, -308)
(43, -604)
(44, -293)
(45, -362)
(46, -352)
(47, -527)
(48, -377)
(49, -104)
(50, -362)
(51, -452)
(52, -294)
(53, -63)
(54, -344)
(55, -254)
(56, -476)
(57, -487)
(58, -293)
(59, -284)
(60, -280)
(61, -385)
(62, -267)
(63, -493)
(64, -292)
(65, -400)
(66, -178)
(67, -239)
(68, -174)
(69, -492)
(70, -234)
(71, -350)
(72, -372)
(73, -318)
(74, -521)
(75, -343)
(76, -189)
(77, -262)
(78, -106)
(79, -617)
(80, -389)
(81, -200)
(82, -329)
(83, -301)
(84, -228)
(85, -59)
(86, -440)
(87, -301)
(88, -450)
(89, -415)
(90, -309)
(91, -332)
(92, -577)
(93, -355)
(94, -260)
(95, -384)
(96, -133)
(97, -68)
(98, -331)
-33980
2 1848 1153 


seed 9756767 

linear
(0, 565)
(1, 532)
(2, 365)
(3, 408)
(4, 567)
(5, 583)
(6, 477)
(7, 302)
(8, 499)
(9, 451)
(10, 565)
(11, 492)
(12, 481)
(13, 589)
(14, 535)
(15, 390)
(16, 515)
(17, 542)
(18, 476)
(19, 663)
(20, 572)
(21, 542)
(22, 618)
(23, 636)
(24, 667)
(25, 563)
(26, 565)
(27, 610)
(28, 559)
(29, 625)
(30, 643)
(31, 748)
(32, 487)
(33, 684)
(34, 760)
(35, 734)
(36, 583)
(37, 694)
(38, 640)
(39, 811)
(40, 659)
(41, 662)
(42, 766)
(43, 667)
(44, 772)
(45, 699)
(46, 655)
(47, 745)
(48, 711)
(49, 770)
(50, 739)
(51, 757)
(52, 585)
(53, 840)
(54, 884)
(55, 619)
(56, 736)
(57, 544)
(58, 817)
(59, 874)
(60, 681)
(61, 703)
(62, 719)
(63, 906)
(64, 828)
(65, 636)
(66, 801)
(67, 903)
(68, 898)
(69, 754)
(70, 913)
(71, 920)
(72, 774)
(73, 877)
(74, 715)
(75, 887)
(76, 860)
(77, 1137)
(78, 887)
(79, 626)
(80, 823)
(81, 785)
(82, 936)
(83, 834)
(84, 963)
(85, 791)
(86, 749)
(87, 846)
(88, 906)
(89, 847)
(90, 865)
(91, 968)
(92, 941)
(93, 893)
(94, 974)
(95, 1059)
(96, 1099)
(97, 764)
(98, 857)
(99, 841)
71405

arithmetic
(0, 665)
(1, 866)
(2, 675)
(3, 614)
(4, 811)
(5, 911)
(6, 687)
(7, 846)
(8, 797)
(9, 664)
(10, 877)
(11, 764)
(12, 682)
(13, 963)
(14, 811)
(15, 942)
(16, 676)
(17, 696)
(18, 795)
(19, 1035)
(20, 929)
(21, 826)
(22, 910)
(23, 920)
(24, 791)
(25, 799)
(26, 941)
(27, 885)
(28, 846)
(29, 868)
(30, 1050)
(31, 710)
(32, 677)
(33, 969)
(34, 959)
(35, 776)
(36, 889)
(37, 843)
(38, 803)
(39, 827)
(40, 1112)
(41, 982)
(42, 786)
(43, 790)
(44, 995)
(45, 719)
(46, 863)
(47, 723)
(48, 769)
(49, 903)
(50, 870)
(51, 910)
(52, 845)
(53, 914)
(54, 806)
(55, 803)
(56, 932)
(57, 886)
(58, 850)
(59, 903)
(60, 855)
(61, 871)
(62, 815)
(63, 920)
(64, 856)
(65, 1020)
(66, 957)
(67, 877)
(68, 1075)
(69, 1095)
(70, 1047)
(71, 1046)
(72, 963)
(73, 837)
(74, 867)
(75, 842)
(76, 914)
(77, 773)
(78, 862)
(79, 1079)
(80, 866)
(81, 1091)
(82, 937)
(83, 950)
(84, 851)
(85, 955)
(86, 751)
(87, 1108)
(88, 984)
(89, 1147)
(90, 1073)
(91, 1013)
(92, 948)
(93, 1140)
(94, 924)
(95, 1116)
(96, 1038)
(97, 927)
(98, 873)
(99, 1001)
88620

pythagorean
(0, 281)
(1, 115)
(2, 143)
(3, 92)
(4, 115)
(5, 215)
(6, 207)
(7, 203)
(8, 206)
(9, 140)
(10, 201)
(11, 104)
(12, 173)
(13, 131)
(14, 318)
(15, 356)
(16, 140)
(17, 185)
(18, 236)
(19, 94)
(20, 77)
(21, 178)
(22, 307)
(23, 75)
(24, 245)
(25, 294)
(26, 181)
(27, 245)
(28, 226)
(29, 276)
(30, 220)
(31, 252)
(32, 68)
(33, 182)
(34, 317)
(35, 333)
(36, 189)
(37, 213)
(38, 220)
(39, 217)
(40, 320)
(41, 360)
(42, 242)
(43, 155)
(44, 340)
(45, 375)
(46, 386)
(47, 279)
(48, 291)
(49, 320)
(50, 336)
(51, 482)
(52, 236)
(53, 183)
(54, 267)
(55, 216)
(56, 271)
(57, 267)
(58, 233)
(59, 356)
(60, 241)
(61, 340)
(62, 307)
(63, 195)
(64, 384)
(65, 336)
(66, 267)
(67, 363)
(68, 246)
(69, 250)
(70, 395)
(71, 249)
(72, 254)
(73, 338)
(74, 334)
(75, 399)
(76, 327)
(77, 269)
(78, 370)
(79, 211)
(80, 259)
(81, 188)
(82, 246)
(83, 246)
(84, 210)
(85, 304)
(86, 373)
(87, 408)
(88, 290)
(89, 359)
(90, 373)
(91, 417)
(92, 177)
(93, 371)
(94, 339)
(95, 318)
(96, 409)
(97, 301)
(98, 290)
(99, 327)
26165

GMAB
(0, -117)
(1, 280)
(2, 198)
(3, 283)
(4, 272)
(5, 400)
(6, 291)
(7, 334)
(8, 432)
(9, 189)
(10, 327)
(11, 210)
(12, 419)
(13, 333)
(14, 137)
(15, 228)
(16, 423)
(17, 437)
(18, 302)
(19, 394)
(20, 338)
(21, 333)
(22, 278)
(23, 172)
(24, 287)
(25, 337)
(26, 251)
(27, 149)
(28, 200)
(29, 238)
(30, 450)
(31, 340)
(32, 481)
(33, 202)
(34, 220)
(35, 232)
(36, 331)
(37, 302)
(38, 423)
(39, 407)
(40, 143)
(41, 319)
(42, 201)
(43, 263)
(44, 285)
(45, 241)
(46, 385)
(47, 302)
(48, 302)
(49, 317)
(50, 418)
(51, 344)
(52, 222)
(53, 232)
(54, 321)
(55, 397)
(56, 241)
(57, 266)
(58, 251)
(59, 122)
(60, 341)
(61, 341)
(62, 193)
(63, 364)
(64, 381)
(65, 456)
(66, 474)
(67, 431)
(68, 413)
(69, 356)
(70, 190)
(71, 252)
(72, 312)
(73, 301)
(74, 262)
(75, 57)
(76, -50)
(77, 61)
(78, 180)
(79, 392)
(80, 422)
(81, 96)
(82, 270)
(83, 201)
(84, 470)
(85, 218)
(86, 325)
(87, 404)
(88, 392)
(89, 324)
(90, 340)
(91, 214)
(92, 348)
(93, 440)
(94, 451)
(95, 413)
(96, 394)
(97, 279)
(98, 350)
29516
2864 33 106 


seed 4223432 

linear
(0, -24)
(1, -55)
(2, -55)
(3, -2)
(4, -155)
(5, -41)
(6, -39)
(7, -64)
(8, -12)
(9, -175)
(10, -108)
(11, 43)
(12, 95)
(13, -4)
(14, -73)
(15, -12)
(16, -119)
(17, -74)
(18, -53)
(19, -36)
(20, -103)
(21, -94)
(22, 28)
(23, -107)
(24, -81)
(25, -173)
(26, -140)
(27, -83)
(28, -87)
(29, -110)
(30, 31)
(31, -10)
(32, 40)
(33, -138)
(34, 42)
(35, -68)
(36, -34)
(37, 82)
(38, 77)
(39, -72)
(40, -25)
(41, 69)
(42, 76)
(43, 139)
(44, 62)
(45, -21)
(46, 98)
(47, 38)
(48, 67)
(49, 241)
(50, 141)
(51, 59)
(52, 115)
(53, 77)
(54, 31)
(55, 25)
(56, 149)
(57, 215)
(58, 260)
(59, 197)
(60, 279)
(61, 235)
(62, 295)
(63, 324)
(64, 405)
(65, 324)
(66, 476)
(67, 646)
(68, 497)
(69, 555)
(70, 600)
(71, 582)
(72, 623)
(73, 604)
(74, 586)
(75, 565)
(76, 599)
(77, 459)
(78, 580)
(79, 562)
(80, 648)
(81, 758)
(82, 633)
(83, 728)
(84, 706)
(85, 681)
(86, 671)
(87, 527)
(88, 760)
(89, 723)
(90, 713)
(91, 673)
(92, 693)
(93, 778)
(94, 522)
(95, 771)
(96, 746)
(97, 752)
(98, 662)
(99, 640)
23631

arithmetic
(0, 88)
(1, 42)
(2, 149)
(3, 33)
(4, 76)
(5, 108)
(6, 20)
(7, 58)
(8, 57)
(9, 163)
(10, 86)
(11, 29)
(12, 24)
(13, 38)
(14, 87)
(15, 112)
(16, 150)
(17, 114)
(18, 136)
(19, 189)
(20, 83)
(21, -14)
(22, 16)
(23, 104)
(24, 171)
(25, 99)
(26, 145)
(27, 138)
(28, 131)
(29, 1)
(30, 54)
(31, 125)
(32, 55)
(33, 84)
(34, 91)
(35, 116)
(36, 32)
(37, 126)
(38, 165)
(39, 267)
(40, 221)
(41, 218)
(42, 1)
(43, -17)
(44, 83)
(45, 177)
(46, 111)
(47, 195)
(48, 63)
(49, 83)
(50, 143)
(51, 204)
(52, 184)
(53, 35)
(54, 123)
(55, 250)
(56, 131)
(57, 78)
(58, 162)
(59, 299)
(60, 181)
(61, 187)
(62, 176)
(63, 297)
(64, 319)
(65, 133)
(66, 157)
(67, 265)
(68, 98)
(69, 150)
(70, 360)
(71, 173)
(72, 12)
(73, 128)
(74, 207)
(75, 183)
(76, 128)
(77, 245)
(78, 298)
(79, 415)
(80, 202)
(81, 276)
(82, 107)
(83, 253)
(84, 396)
(85, 279)
(86, 284)
(87, 190)
(88, 294)
(89, 244)
(90, 293)
(91, 261)
(92, 214)
(93, 348)
(94, 188)
(95, 233)
(96, 134)
(97, 180)
(98, 197)
(99, 204)
15381

pythagorean
(0, 731)
(1, 706)
(2, 714)
(3, 655)
(4, 611)
(5, 725)
(6, 593)
(7, 743)
(8, 633)
(9, 719)
(10, 610)
(11, 677)
(12, 612)
(13, 671)
(14, 685)
(15, 688)
(16, 635)
(17, 663)
(18, 690)
(19, 759)
(20, 719)
(21, 762)
(22, 647)
(23, 681)
(24, 660)
(25, 709)
(26, 732)
(27, 691)
(28, 669)
(29, 687)
(30, 681)
(31, 717)
(32, 663)
(33, 603)
(34, 641)
(35, 679)
(36, 658)
(37, 744)
(38, 747)
(39, 810)
(40, 769)
(41, 683)
(42, 697)
(43, 624)
(44, 638)
(45, 649)
(46, 733)
(47, 627)
(48, 691)
(49, 690)
(50, 669)
(51, 690)
(52, 698)
(53, 682)
(54, 661)
(55, 620)
(56, 668)
(57, 728)
(58, 668)
(59, 661)
(60, 673)
(61, 724)
(62, 752)
(63, 665)
(64, 747)
(65, 673)
(66, 687)
(67, 710)
(68, 667)
(69, 680)
(70, 655)
(71, 751)
(72, 777)
(73, 706)
(74, 882)
(75, 714)
(76, 731)
(77, 811)
(78, 659)
(79, 747)
(80, 766)
(81, 836)
(82, 688)
(83, 835)
(84, 785)
(85, 674)
(86, 821)
(87, 759)
(88, 739)
(89, 816)
(90, 818)
(91, 681)
(92, 770)
(93, 752)
(94, 792)
(95, 821)
(96, 770)
(97, 858)
(98, 838)
(99, 896)
71092

GMAB
(0, 1081)
(1, 937)
(2, 1025)
(3, 967)
(4, 862)
(5, 928)
(6, 1207)
(7, 629)
(8, 708)
(9, 756)
(10, 768)
(11, 910)
(12, 1026)
(13, 990)
(14, 947)
(15, 914)
(16, 904)
(17, 871)
(18, 793)
(19, 970)
(20, 1069)
(21, 948)
(22, 1009)
(23, 901)
(24, 953)
(25, 811)
(26, 941)
(27, 1028)
(28, 1004)
(29, 1092)
(30, 993)
(31, 850)
(32, 928)
(33, 893)
(34, 1011)
(35, 895)
(36, 985)
(37, 989)
(38, 920)
(39, 812)
(40, 849)
(41, 1030)
(42, 917)
(43, 993)
(44, 1055)
(45, 1020)
(46, 1030)
(47, 914)
(48, 934)
(49, 1039)
(50, 1042)
(51, 1046)
(52, 1007)
(53, 820)
(54, 904)
(55, 973)
(56, 938)
(57, 967)
(58, 1065)
(59, 949)
(60, 1050)
(61, 898)
(62, 956)
(63, 827)
(64, 931)
(65, 889)
(66, 1000)
(67, 926)
(68, 968)
(69, 1068)
(70, 863)
(71, 1010)
(72, 999)
(73, 989)
(74, 971)
(75, 848)
(76, 983)
(77, 870)
(78, 944)
(79, 969)
(80, 1082)
(81, 826)
(82, 867)
(83, 913)
(84, 958)
(85, 992)
(86, 793)
(87, 952)
(88, 992)
(89, 1034)
(90, 792)
(91, 904)
(92, 955)
(93, 790)
(94, 978)
(95, 1007)
(96, 1066)
(97, 974)
(98, 994)
94115
2 2867 134 


seed 2498375 

linear
(0, -231)
(1, 59)
(2, -240)
(3, -166)
(4, -214)
(5, -97)
(6, -99)
(7, -203)
(8, -191)
(9, -230)
(10, -152)
(11, -122)
(12, -164)
(13, -158)
(14, -164)
(15, -143)
(16, -171)
(17, -83)
(18, -157)
(19, -187)
(20, -180)
(21, -224)
(22, -61)
(23, -75)
(24, -190)
(25, -279)
(26, -109)
(27, -124)
(28, -220)
(29, -40)
(30, -215)
(31, -136)
(32, -164)
(33, -134)
(34, -257)
(35, -157)
(36, -93)
(37, -194)
(38, -84)
(39, -261)
(40, -63)
(41, -183)
(42, -80)
(43, -63)
(44, -245)
(45, -45)
(46, -85)
(47, -169)
(48, -269)
(49, -114)
(50, -223)
(51, -159)
(52, -163)
(53, -15)
(54, -253)
(55, -143)
(56, -34)
(57, -124)
(58, -230)
(59, -323)
(60, -131)
(61, -144)
(62, -135)
(63, -207)
(64, -188)
(65, -128)
(66, -222)
(67, -144)
(68, -174)
(69, -240)
(70, -39)
(71, -264)
(72, -148)
(73, -221)
(74, -216)
(75, -266)
(76, 4)
(77, -130)
(78, -39)
(79, -195)
(80, -119)
(81, -148)
(82, -202)
(83, -161)
(84, -118)
(85, -234)
(86, -38)
(87, 56)
(88, -154)
(89, 34)
(90, -257)
(91, -118)
(92, -256)
(93, -269)
(94, -239)
(95, -96)
(96, -143)
(97, -115)
(98, -23)
(99, -48)
-15168

arithmetic
(0, -304)
(1, -195)
(2, -310)
(3, -229)
(4, -217)
(5, -302)
(6, -336)
(7, -328)
(8, -458)
(9, -391)
(10, -251)
(11, -333)
(12, -327)
(13, -347)
(14, -334)
(15, -346)
(16, -293)
(17, -338)
(18, -308)
(19, -311)
(20, -325)
(21, -347)
(22, -282)
(23, -213)
(24, -150)
(25, -286)
(26, -230)
(27, -152)
(28, -299)
(29, -330)
(30, -230)
(31, -236)
(32, -335)
(33, -218)
(34, -365)
(35, -245)
(36, -286)
(37, -279)
(38, -390)
(39, -203)
(40, -236)
(41, -211)
(42, -275)
(43, -143)
(44, -365)
(45, -247)
(46, -80)
(47, 52)
(48, -207)
(49, -63)
(50, -131)
(51, -22)
(52, -81)
(53, 77)
(54, 90)
(55, 9)
(56, 71)
(57, 344)
(58, 89)
(59, 104)
(60, 56)
(61, 106)
(62, 21)
(63, 104)
(64, 151)
(65, 5)
(66, 301)
(67, 42)
(68, 8)
(69, 137)
(70, 61)
(71, -45)
(72, 234)
(73, 134)
(74, 238)
(75, 97)
(76, 418)
(77, 214)
(78, 239)
(79, 203)
(80, 38)
(81, -83)
(82, -57)
(83, 138)
(84, 15)
(85, 201)
(86, 268)
(87, 319)
(88, 359)
(89, 388)
(90, 258)
(91, 182)
(92, 161)
(93, 105)
(94, 317)
(95, 290)
(96, 82)
(97, 76)
(98, 351)
(99, 229)
-6523

pythagorean
(0, 390)
(1, 427)
(2, 444)
(3, 522)
(4, 689)
(5, 503)
(6, 439)
(7, 418)
(8, 398)
(9, 439)
(10, 434)
(11, 395)
(12, 335)
(13, 679)
(14, 532)
(15, 551)
(16, 485)
(17, 480)
(18, 572)
(19, 495)
(20, 448)
(21, 476)
(22, 469)
(23, 682)
(24, 640)
(25, 470)
(26, 492)
(27, 549)
(28, 633)
(29, 590)
(30, 601)
(31, 533)
(32, 642)
(33, 540)
(34, 571)
(35, 571)
(36, 555)
(37, 525)
(38, 335)
(39, 424)
(40, 436)
(41, 670)
(42, 576)
(43, 703)
(44, 623)
(45, 621)
(46, 553)
(47, 528)
(48, 615)
(49, 537)
(50, 645)
(51, 568)
(52, 630)
(53, 659)
(54, 577)
(55, 608)
(56, 689)
(57, 698)
(58, 719)
(59, 841)
(60, 871)
(61, 733)
(62, 891)
(63, 651)
(64, 566)
(65, 378)
(66, 757)
(67, 612)
(68, 713)
(69, 721)
(70, 798)
(71, 793)
(72, 813)
(73, 665)
(74, 721)
(75, 851)
(76, 787)
(77, 707)
(78, 881)
(79, 725)
(80, 653)
(81, 803)
(82, 869)
(83, 852)
(84, 815)
(85, 846)
(86, 749)
(87, 870)
(88, 655)
(89, 875)
(90, 932)
(91, 794)
(92, 839)
(93, 722)
(94, 948)
(95, 815)
(96, 880)
(97, 742)
(98, 964)
(99, 907)
64033

GMAB
(0, 626)
(1, 471)
(2, 594)
(3, 504)
(4, 551)
(5, 645)
(6, 606)
(7, 549)
(8, 521)
(9, 643)
(10, 626)
(11, 475)
(12, 480)
(13, 677)
(14, 572)
(15, 607)
(16, 558)
(17, 539)
(18, 641)
(19, 503)
(20, 604)
(21, 779)
(22, 633)
(23, 515)
(24, 570)
(25, 627)
(26, 614)
(27, 638)
(28, 615)
(29, 499)
(30, 730)
(31, 744)
(32, 545)
(33, 556)
(34, 650)
(35, 650)
(36, 557)
(37, 611)
(38, 678)
(39, 545)
(40, 704)
(41, 583)
(42, 723)
(43, 608)
(44, 642)
(45, 718)
(46, 669)
(47, 550)
(48, 527)
(49, 144)
(50, 284)
(51, 337)
(52, 606)
(53, 632)
(54, 581)
(55, 645)
(56, 604)
(57, 719)
(58, 601)
(59, 595)
(60, 604)
(61, 541)
(62, 594)
(63, 560)
(64, 720)
(65, 699)
(66, 536)
(67, 692)
(68, 597)
(69, 599)
(70, 438)
(71, 685)
(72, 499)
(73, 654)
(74, 681)
(75, 684)
(76, 524)
(77, 590)
(78, 720)
(79, 661)
(80, 777)
(81, 583)
(82, 608)
(83, 618)
(84, 546)
(85, 523)
(86, 471)
(87, 731)
(88, 808)
(89, 618)
(90, 673)
(91, 650)
(92, 526)
(93, 530)
(94, 602)
(95, 687)
(96, 615)
(97, 591)
(98, 660)
59713
2 100 2901 


seed 9764687 

linear
(0, 138)
(1, 125)
(2, 67)
(3, 161)
(4, 171)
(5, 287)
(6, 234)
(7, 192)
(8, 138)
(9, 360)
(10, 57)
(11, 61)
(12, 161)
(13, 208)
(14, 67)
(15, 71)
(16, 155)
(17, 148)
(18, 127)
(19, 186)
(20, 321)
(21, 54)
(22, 32)
(23, 298)
(24, 149)
(25, 228)
(26, 263)
(27, 145)
(28, 153)
(29, 255)
(30, 21)
(31, 207)
(32, 133)
(33, 332)
(34, 93)
(35, 180)
(36, 95)
(37, 268)
(38, 180)
(39, 215)
(40, 228)
(41, 150)
(42, 214)
(43, 225)
(44, 137)
(45, 184)
(46, 127)
(47, 195)
(48, 49)
(49, 3)
(50, 156)
(51, 187)
(52, 197)
(53, 150)
(54, 204)
(55, 311)
(56, 207)
(57, 116)
(58, 159)
(59, 99)
(60, 235)
(61, 156)
(62, 70)
(63, 227)
(64, 198)
(65, 307)
(66, 209)
(67, 243)
(68, 326)
(69, 155)
(70, 253)
(71, 173)
(72, 335)
(73, 345)
(74, 270)
(75, 170)
(76, 135)
(77, 79)
(78, 451)
(79, 198)
(80, 228)
(81, 330)
(82, 161)
(83, 269)
(84, 218)
(85, 228)
(86, 340)
(87, 160)
(88, 242)
(89, 243)
(90, 316)
(91, 225)
(92, 268)
(93, 290)
(94, 338)
(95, 288)
(96, 219)
(97, 344)
(98, 345)
(99, 294)
19915

arithmetic
(0, -51)
(1, -322)
(2, -144)
(3, -349)
(4, 96)
(5, 75)
(6, 174)
(7, 14)
(8, 152)
(9, -113)
(10, 172)
(11, -87)
(12, 151)
(13, -188)
(14, -55)
(15, -166)
(16, -60)
(17, 275)
(18, -277)
(19, -302)
(20, 123)
(21, 279)
(22, 22)
(23, -97)
(24, 198)
(25, -165)
(26, 60)
(27, -23)
(28, 104)
(29, -121)
(30, -23)
(31, 73)
(32, -134)
(33, -46)
(34, 348)
(35, 168)
(36, -51)
(37, 163)
(38, 8)
(39, -34)
(40, 62)
(41, 178)
(42, 147)
(43, -112)
(44, 70)
(45, -10)
(46, 23)
(47, 2)
(48, 281)
(49, -11)
(50, 83)
(51, -109)
(52, -199)
(53, -391)
(54, 44)
(55, 146)
(56, 197)
(57, 286)
(58, 13)
(59, 67)
(60, 197)
(61, -265)
(62, -7)
(63, -60)
(64, 273)
(65, 141)
(66, -77)
(67, -28)
(68, 167)
(69, 250)
(70, 79)
(71, -25)
(72, 235)
(73, 62)
(74, 454)
(75, 20)
(76, 290)
(77, -128)
(78, 92)
(79, 348)
(80, 105)
(81, -167)
(82, 165)
(83, 74)
(84, 216)
(85, 182)
(86, -38)
(87, 136)
(88, 146)
(89, -38)
(90, 307)
(91, 101)
(92, 605)
(93, 486)
(94, 692)
(95, 416)
(96, 300)
(97, 282)
(98, 361)
(99, 286)
7249

pythagorean
(0, 437)
(1, 600)
(2, 577)
(3, 756)
(4, 515)
(5, 559)
(6, 481)
(7, 600)
(8, 410)
(9, 274)
(10, 392)
(11, 549)
(12, 445)
(13, 621)
(14, 594)
(15, 411)
(16, 530)
(17, 586)
(18, 524)
(19, 645)
(20, 626)
(21, 486)
(22, 479)
(23, 557)
(24, 654)
(25, 707)
(26, 683)
(27, 495)
(28, 683)
(29, 572)
(30, 571)
(31, 605)
(32, 514)
(33, 501)
(34, 680)
(35, 674)
(36, 888)
(37, 530)
(38, 622)
(39, 558)
(40, 733)
(41, 584)
(42, 676)
(43, 580)
(44, 876)
(45, 732)
(46, 563)
(47, 835)
(48, 853)
(49, 908)
(50, 874)
(51, 846)
(52, 771)
(53, 881)
(54, 834)
(55, 906)
(56, 798)
(57, 787)
(58, 801)
(59, 838)
(60, 864)
(61, 947)
(62, 797)
(63, 887)
(64, 877)
(65, 899)
(66, 878)
(67, 763)
(68, 868)
(69, 734)
(70, 842)
(71, 894)
(72, 873)
(73, 913)
(74, 1063)
(75, 915)
(76, 802)
(77, 968)
(78, 981)
(79, 934)
(80, 1054)
(81, 1004)
(82, 858)
(83, 1070)
(84, 886)
(85, 1048)
(86, 1043)
(87, 910)
(88, 894)
(89, 933)
(90, 727)
(91, 885)
(92, 865)
(93, 887)
(94, 922)
(95, 1073)
(96, 892)
(97, 1019)
(98, 964)
(99, 1137)
75037

GMAB
(0, -484)
(1, -307)
(2, -570)
(3, -503)
(4, -542)
(5, -355)
(6, -383)
(7, -437)
(8, -441)
(9, -513)
(10, -462)
(11, -451)
(12, -509)
(13, -339)
(14, -358)
(15, -464)
(16, -348)
(17, -452)
(18, -435)
(19, -457)
(20, -486)
(21, -466)
(22, -564)
(23, -492)
(24, -502)
(25, -452)
(26, -530)
(27, -404)
(28, -475)
(29, -91)
(30, -110)
(31, -37)
(32, -108)
(33, -235)
(34, -34)
(35, -138)
(36, -156)
(37, -247)
(38, -46)
(39, -283)
(40, -170)
(41, -229)
(42, -291)
(43, -57)
(44, -166)
(45, -96)
(46, -5)
(47, 62)
(48, -366)
(49, -23)
(50, -217)
(51, -238)
(52, -166)
(53, -308)
(54, -235)
(55, -315)
(56, -416)
(57, 51)
(58, -20)
(59, -111)
(60, -129)
(61, -247)
(62, 75)
(63, -10)
(64, -276)
(65, -21)
(66, 2)
(67, -321)
(68, 21)
(69, -157)
(70, -148)
(71, -67)
(72, -148)
(73, -40)
(74, 3)
(75, -169)
(76, -407)
(77, -429)
(78, -499)
(79, -413)
(80, -449)
(81, -416)
(82, -410)
(83, -364)
(84, -460)
(85, -400)
(86, -139)
(87, -243)
(88, -106)
(89, -238)
(90, -109)
(91, -119)
(92, -57)
(93, -96)
(94, -150)
(95, -39)
(96, 61)
(97, 97)
(98, -253)
-25322
1066 1863 74 


seed 1345323 

linear
(0, 336)
(1, 159)
(2, 315)
(3, 251)
(4, 371)
(5, 370)
(6, 298)
(7, 337)
(8, 301)
(9, 211)
(10, 342)
(11, 254)
(12, 416)
(13, 228)
(14, 213)
(15, 418)
(16, 420)
(17, 356)
(18, 367)
(19, 301)
(20, 388)
(21, 356)
(22, 276)
(23, 280)
(24, 357)
(25, 423)
(26, 352)
(27, 379)
(28, 484)
(29, 560)
(30, 211)
(31, 498)
(32, 255)
(33, 362)
(34, 690)
(35, 582)
(36, 452)
(37, 641)
(38, 328)
(39, 362)
(40, 547)
(41, 439)
(42, 473)
(43, 584)
(44, 411)
(45, 590)
(46, 448)
(47, 602)
(48, 529)
(49, 721)
(50, 510)
(51, 670)
(52, 643)
(53, 453)
(54, 497)
(55, 644)
(56, 490)
(57, 611)
(58, 537)
(59, 596)
(60, 630)
(61, 683)
(62, 620)
(63, 737)
(64, 751)
(65, 670)
(66, 605)
(67, 546)
(68, 690)
(69, 666)
(70, 727)
(71, 835)
(72, 655)
(73, 570)
(74, 823)
(75, 710)
(76, 780)
(77, 681)
(78, 764)
(79, 932)
(80, 804)
(81, 612)
(82, 741)
(83, 730)
(84, 702)
(85, 606)
(86, 581)
(87, 736)
(88, 587)
(89, 652)
(90, 583)
(91, 749)
(92, 592)
(93, 645)
(94, 498)
(95, 819)
(96, 817)
(97, 615)
(98, 683)
(99, 797)
53119

arithmetic
(0, 683)
(1, 514)
(2, 538)
(3, 464)
(4, 767)
(5, 525)
(6, 499)
(7, 622)
(8, 493)
(9, 624)
(10, 761)
(11, 695)
(12, 660)
(13, 734)
(14, 793)
(15, 850)
(16, 527)
(17, 837)
(18, 691)
(19, 753)
(20, 963)
(21, 1024)
(22, 804)
(23, 850)
(24, 984)
(25, 924)
(26, 840)
(27, 844)
(28, 825)
(29, 843)
(30, 692)
(31, 853)
(32, 894)
(33, 876)
(34, 877)
(35, 819)
(36, 1011)
(37, 1063)
(38, 955)
(39, 830)
(40, 759)
(41, 783)
(42, 800)
(43, 864)
(44, 794)
(45, 980)
(46, 676)
(47, 965)
(48, 922)
(49, 866)
(50, 976)
(51, 963)
(52, 900)
(53, 909)
(54, 1019)
(55, 910)
(56, 983)
(57, 1036)
(58, 1304)
(59, 955)
(60, 1135)
(61, 822)
(62, 901)
(63, 851)
(64, 853)
(65, 1093)
(66, 833)
(67, 988)
(68, 1062)
(69, 1102)
(70, 1100)
(71, 977)
(72, 1171)
(73, 1131)
(74, 1126)
(75, 1217)
(76, 1164)
(77, 1028)
(78, 1130)
(79, 933)
(80, 1103)
(81, 1195)
(82, 1396)
(83, 1094)
(84, 1118)
(85, 1194)
(86, 1439)
(87, 1163)
(88, 1246)
(89, 1425)
(90, 1399)
(91, 1297)
(92, 1308)
(93, 1153)
(94, 1025)
(95, 1312)
(96, 1244)
(97, 1110)
(98, 1280)
(99, 1072)
94355

pythagorean
(0, 318)
(1, 471)
(2, 387)
(3, 424)
(4, 530)
(5, 424)
(6, 397)
(7, 399)
(8, 421)
(9, 454)
(10, 396)
(11, 230)
(12, 385)
(13, 255)
(14, 357)
(15, 417)
(16, 488)
(17, 397)
(18, 480)
(19, 416)
(20, 490)
(21, 393)
(22, 299)
(23, 288)
(24, 414)
(25, 442)
(26, 519)
(27, 378)
(28, 469)
(29, 469)
(30, 475)
(31, 332)
(32, 490)
(33, 419)
(34, 405)
(35, 430)
(36, 357)
(37, 534)
(38, 522)
(39, 320)
(40, 476)
(41, 431)
(42, 462)
(43, 545)
(44, 534)
(45, 516)
(46, 412)
(47, 524)
(48, 548)
(49, 576)
(50, 576)
(51, 522)
(52, 598)
(53, 538)
(54, 688)
(55, 509)
(56, 478)
(57, 564)
(58, 559)
(59, 553)
(60, 604)
(61, 624)
(62, 468)
(63, 558)
(64, 594)
(65, 538)
(66, 489)
(67, 432)
(68, 521)
(69, 553)
(70, 589)
(71, 639)
(72, 733)
(73, 582)
(74, 678)
(75, 537)
(76, 643)
(77, 541)
(78, 639)
(79, 605)
(80, 581)
(81, 594)
(82, 572)
(83, 559)
(84, 587)
(85, 588)
(86, 475)
(87, 639)
(88, 522)
(89, 584)
(90, 598)
(91, 654)
(92, 681)
(93, 514)
(94, 598)
(95, 560)
(96, 699)
(97, 585)
(98, 650)
(99, 611)
50518

GMAB
(0, 953)
(1, 890)
(2, 946)
(3, 874)
(4, 1009)
(5, 986)
(6, 861)
(7, 1027)
(8, 1059)
(9, 934)
(10, 884)
(11, 897)
(12, 955)
(13, 921)
(14, 982)
(15, 919)
(16, 878)
(17, 1018)
(18, 1002)
(19, 863)
(20, 954)
(21, 898)
(22, 1092)
(23, 910)
(24, 1022)
(25, 1078)
(26, 1002)
(27, 885)
(28, 1037)
(29, 990)
(30, 857)
(31, 1010)
(32, 1075)
(33, 1148)
(34, 902)
(35, 1003)
(36, 962)
(37, 995)
(38, 1019)
(39, 1034)
(40, 806)
(41, 1025)
(42, 1083)
(43, 1015)
(44, 932)
(45, 1039)
(46, 1020)
(47, 935)
(48, 1123)
(49, 1120)
(50, 909)
(51, 1056)
(52, 1094)
(53, 980)
(54, 1007)
(55, 994)
(56, 1030)
(57, 971)
(58, 941)
(59, 987)
(60, 1040)
(61, 993)
(62, 998)
(63, 871)
(64, 1016)
(65, 996)
(66, 1037)
(67, 989)
(68, 1016)
(69, 1014)
(70, 1081)
(71, 966)
(72, 1042)
(73, 907)
(74, 796)
(75, 1026)
(76, 1007)
(77, 1042)
(78, 996)
(79, 1157)
(80, 968)
(81, 934)
(82, 1030)
(83, 953)
(84, 947)
(85, 972)
(86, 915)
(87, 943)
(88, 918)
(89, 928)
(90, 871)
(91, 974)
(92, 988)
(93, 1051)
(94, 1157)
(95, 1034)
(96, 1063)
(97, 1008)
(98, 1037)
98441
2 2999 2 


seed 4231178 

linear
(0, 62)
(1, -48)
(2, 77)
(3, -147)
(4, 176)
(5, 114)
(6, 74)
(7, 219)
(8, 204)
(9, 146)
(10, 169)
(11, 67)
(12, 241)
(13, 269)
(14, 262)
(15, 228)
(16, 128)
(17, 142)
(18, 229)
(19, 77)
(20, 296)
(21, 292)
(22, 238)
(23, 259)
(24, 240)
(25, 202)
(26, 127)
(27, 119)
(28, 80)
(29, 209)
(30, 241)
(31, 369)
(32, 119)
(33, 176)
(34, 133)
(35, 441)
(36, 195)
(37, 89)
(38, 196)
(39, 319)
(40, 262)
(41, 234)
(42, 187)
(43, 603)
(44, 320)
(45, 389)
(46, 172)
(47, 386)
(48, 243)
(49, 505)
(50, 588)
(51, 368)
(52, 445)
(53, 479)
(54, 453)
(55, 309)
(56, 532)
(57, 303)
(58, 350)
(59, 360)
(60, 434)
(61, 434)
(62, 494)
(63, 533)
(64, 695)
(65, 443)
(66, 475)
(67, 473)
(68, 293)
(69, 433)
(70, 612)
(71, 586)
(72, 604)
(73, 692)
(74, 589)
(75, 780)
(76, 596)
(77, 666)
(78, 587)
(79, 556)
(80, 520)
(81, 748)
(82, 466)
(83, 540)
(84, 568)
(85, 608)
(86, 352)
(87, 602)
(88, 576)
(89, 594)
(90, 450)
(91, 696)
(92, 471)
(93, 769)
(94, 660)
(95, 602)
(96, 483)
(97, 466)
(98, 630)
(99, 513)
36806

arithmetic
(0, 45)
(1, 54)
(2, 283)
(3, 370)
(4, 24)
(5, 234)
(6, 282)
(7, 131)
(8, 186)
(9, -2)
(10, 189)
(11, 348)
(12, 264)
(13, 88)
(14, 195)
(15, 238)
(16, 352)
(17, -3)
(18, 148)
(19, 271)
(20, 188)
(21, 517)
(22, 231)
(23, 321)
(24, 262)
(25, 284)
(26, 385)
(27, 281)
(28, 510)
(29, 259)
(30, 371)
(31, 368)
(32, 336)
(33, 290)
(34, 299)
(35, 308)
(36, 435)
(37, 300)
(38, 282)
(39, 377)
(40, 256)
(41, 280)
(42, 127)
(43, 301)
(44, 282)
(45, 324)
(46, 301)
(47, 277)
(48, 430)
(49, 221)
(50, 407)
(51, 388)
(52, 508)
(53, 419)
(54, 422)
(55, 285)
(56, 323)
(57, 338)
(58, 450)
(59, 357)
(60, 216)
(61, 241)
(62, 79)
(63, 389)
(64, 376)
(65, 449)
(66, 246)
(67, 176)
(68, 345)
(69, 270)
(70, 520)
(71, 377)
(72, 44)
(73, 428)
(74, 229)
(75, 177)
(76, 470)
(77, 338)
(78, 575)
(79, 556)
(80, 651)
(81, 522)
(82, 101)
(83, 361)
(84, 447)
(85, 312)
(86, 517)
(87, 505)
(88, 448)
(89, 499)
(90, 442)
(91, 456)
(92, 431)
(93, 413)
(94, 519)
(95, 146)
(96, 336)
(97, 410)
(98, 334)
(99, 526)
31874

pythagorean
(0, -239)
(1, -275)
(2, -220)
(3, -90)
(4, -62)
(5, -317)
(6, -299)
(7, -42)
(8, -181)
(9, -65)
(10, -221)
(11, -271)
(12, -342)
(13, -162)
(14, -173)
(15, -87)
(16, -303)
(17, -175)
(18, -112)
(19, -129)
(20, -276)
(21, -140)
(22, -30)
(23, -17)
(24, -102)
(25, -259)
(26, -76)
(27, -233)
(28, 8)
(29, -127)
(30, -224)
(31, 57)
(32, 110)
(33, 46)
(34, -107)
(35, 107)
(36, 17)
(37, -61)
(38, -46)
(39, -78)
(40, 80)
(41, -19)
(42, 72)
(43, 103)
(44, 88)
(45, 69)
(46, 129)
(47, -153)
(48, -137)
(49, 79)
(50, -129)
(51, 274)
(52, 69)
(53, -24)
(54, 260)
(55, -14)
(56, 308)
(57, 48)
(58, 191)
(59, 38)
(60, -143)
(61, 234)
(62, 28)
(63, -178)
(64, 71)
(65, -57)
(66, 39)
(67, 34)
(68, 228)
(69, -17)
(70, 118)
(71, 180)
(72, 117)
(73, 115)
(74, 118)
(75, 321)
(76, 9)
(77, 87)
(78, 92)
(79, 181)
(80, 43)
(81, 482)
(82, 40)
(83, 258)
(84, -21)
(85, 211)
(86, 177)
(87, 281)
(88, 183)
(89, 170)
(90, 164)
(91, 138)
(92, 165)
(93, 250)
(94, 165)
(95, 299)
(96, 60)
(97, 293)
(98, 305)
(99, 282)
1658

GMAB
(0, 202)
(1, 27)
(2, 70)
(3, 154)
(4, 290)
(5, 131)
(6, 143)
(7, 52)
(8, 119)
(9, 21)
(10, -14)
(11, 7)
(12, -41)
(13, -27)
(14, -18)
(15, -42)
(16, -6)
(17, -66)
(18, -17)
(19, -42)
(20, -15)
(21, -83)
(22, -26)
(23, 88)
(24, 141)
(25, 171)
(26, 141)
(27, 168)
(28, 101)
(29, 92)
(30, 87)
(31, 144)
(32, 96)
(33, 36)
(34, 50)
(35, 192)
(36, 103)
(37, 108)
(38, 148)
(39, 106)
(40, 178)
(41, 183)
(42, 104)
(43, 158)
(44, 176)
(45, 87)
(46, 96)
(47, 147)
(48, 56)
(49, 144)
(50, 166)
(51, 164)
(52, 153)
(53, 161)
(54, 46)
(55, 49)
(56, 3)
(57, 178)
(58, 87)
(59, 55)
(60, 62)
(61, 170)
(62, 249)
(63, 45)
(64, 148)
(65, 75)
(66, 128)
(67, 122)
(68, 119)
(69, 148)
(70, 73)
(71, 168)
(72, 141)
(73, 144)
(74, 134)
(75, 54)
(76, 71)
(77, 186)
(78, 246)
(79, 125)
(80, 120)
(81, 202)
(82, 122)
(83, 102)
(84, 219)
(85, 116)
(86, 144)
(87, 197)
(88, 103)
(89, 38)
(90, 173)
(91, 33)
(92, 140)
(93, 137)
(94, 134)
(95, 150)
(96, 146)
(97, 45)
(98, 117)
10293
403 2 2598 


seed 8997675 

linear
(0, -128)
(1, -63)
(2, 25)
(3, 96)
(4, 103)
(5, 6)
(6, -58)
(7, 24)
(8, -15)
(9, -65)
(10, 18)
(11, 118)
(12, -6)
(13, 161)
(14, -96)
(15, -4)
(16, -16)
(17, 125)
(18, 24)
(19, -87)
(20, -43)
(21, 87)
(22, 56)
(23, 34)
(24, 26)
(25, -3)
(26, -47)
(27, -27)
(28, -68)
(29, 91)
(30, 134)
(31, 1)
(32, -35)
(33, 140)
(34, -9)
(35, 307)
(36, 271)
(37, 26)
(38, -47)
(39, 235)
(40, 144)
(41, 232)
(42, 28)
(43, 26)
(44, -120)
(45, 123)
(46, 221)
(47, 253)
(48, 254)
(49, 188)
(50, 174)
(51, 217)
(52, 28)
(53, 114)
(54, 176)
(55, 84)
(56, 147)
(57, 206)
(58, 71)
(59, 200)
(60, 130)
(61, 323)
(62, 187)
(63, 338)
(64, 233)
(65, 258)
(66, 201)
(67, 273)
(68, 250)
(69, 224)
(70, 133)
(71, 277)
(72, 150)
(73, 258)
(74, 312)
(75, 180)
(76, 95)
(77, 275)
(78, 292)
(79, 311)
(80, 322)
(81, 302)
(82, 319)
(83, 152)
(84, 179)
(85, 356)
(86, 301)
(87, 199)
(88, 166)
(89, 127)
(90, 255)
(91, 305)
(92, 396)
(93, 215)
(94, 259)
(95, 203)
(96, 333)
(97, 284)
(98, 141)
(99, 164)
13735

arithmetic
(0, 871)
(1, 1003)
(2, 899)
(3, 994)
(4, 966)
(5, 872)
(6, 871)
(7, 778)
(8, 900)
(9, 824)
(10, 918)
(11, 873)
(12, 814)
(13, 840)
(14, 922)
(15, 1018)
(16, 1063)
(17, 898)
(18, 902)
(19, 854)
(20, 782)
(21, 924)
(22, 1020)
(23, 1020)
(24, 1025)
(25, 1006)
(26, 893)
(27, 975)
(28, 996)
(29, 947)
(30, 956)
(31, 1153)
(32, 826)
(33, 920)
(34, 957)
(35, 862)
(36, 990)
(37, 891)
(38, 1063)
(39, 1112)
(40, 1037)
(41, 1105)
(42, 965)
(43, 958)
(44, 926)
(45, 974)
(46, 1045)
(47, 1120)
(48, 1120)
(49, 1068)
(50, 1112)
(51, 882)
(52, 1193)
(53, 1172)
(54, 960)
(55, 1118)
(56, 930)
(57, 1000)
(58, 918)
(59, 943)
(60, 1012)
(61, 978)
(62, 1121)
(63, 1036)
(64, 869)
(65, 959)
(66, 1085)
(67, 869)
(68, 1106)
(69, 886)
(70, 1019)
(71, 939)
(72, 900)
(73, 932)
(74, 1000)
(75, 1010)
(76, 1017)
(77, 1163)
(78, 907)
(79, 980)
(80, 998)
(81, 1084)
(82, 971)
(83, 1103)
(84, 1083)
(85, 987)
(86, 893)
(87, 981)
(88, 891)
(89, 1155)
(90, 948)
(91, 980)
(92, 1100)
(93, 994)
(94, 999)
(95, 912)
(96, 1025)
(97, 871)
(98, 926)
(99, 982)
97615

pythagorean
(0, 103)
(1, 198)
(2, 83)
(3, 77)
(4, 156)
(5, 185)
(6, 213)
(7, -15)
(8, 221)
(9, 73)
(10, 196)
(11, 337)
(12, 60)
(13, 187)
(14, 122)
(15, 248)
(16, 210)
(17, 189)
(18, 222)
(19, 183)
(20, 294)
(21, 282)
(22, 140)
(23, 370)
(24, 333)
(25, 228)
(26, 319)
(27, 319)
(28, 383)
(29, 363)
(30, 318)
(31, 227)
(32, 303)
(33, 273)
(34, 369)
(35, 218)
(36, 371)
(37, 322)
(38, 285)
(39, 313)
(40, 504)
(41, 219)
(42, 341)
(43, 199)
(44, 285)
(45, 305)
(46, 370)
(47, 393)
(48, 326)
(49, 406)
(50, 275)
(51, 324)
(52, 277)
(53, 311)
(54, 223)
(55, 275)
(56, 240)
(57, 177)
(58, 348)
(59, 196)
(60, 392)
(61, 240)
(62, 258)
(63, 179)
(64, 205)
(65, 93)
(66, 315)
(67, 382)
(68, 235)
(69, 182)
(70, 199)
(71, 143)
(72, 354)
(73, 414)
(74, 189)
(75, 182)
(76, 369)
(77, 203)
(78, 308)
(79, 361)
(80, 249)
(81, 188)
(82, 282)
(83, 248)
(84, 175)
(85, 302)
(86, 211)
(87, 207)
(88, 387)
(89, 333)
(90, 346)
(91, 199)
(92, 290)
(93, 291)
(94, 276)
(95, 299)
(96, 320)
(97, 301)
(98, 394)
(99, 376)
26149

GMAB
(0, 786)
(1, 686)
(2, 676)
(3, 776)
(4, 917)
(5, 622)
(6, 767)
(7, 647)
(8, 724)
(9, 755)
(10, 759)
(11, 711)
(12, 624)
(13, 738)
(14, 840)
(15, 768)
(16, 780)
(17, 702)
(18, 721)
(19, 744)
(20, 913)
(21, 665)
(22, 729)
(23, 542)
(24, 759)
(25, 835)
(26, 801)
(27, 828)
(28, 538)
(29, 883)
(30, 758)
(31, 801)
(32, 861)
(33, 726)
(34, 882)
(35, 883)
(36, 782)
(37, 915)
(38, 888)
(39, 954)
(40, 893)
(41, 867)
(42, 902)
(43, 964)
(44, 835)
(45, 828)
(46, 1007)
(47, 770)
(48, 801)
(49, 851)
(50, 879)
(51, 886)
(52, 910)
(53, 914)
(54, 922)
(55, 916)
(56, 866)
(57, 827)
(58, 866)
(59, 824)
(60, 819)
(61, 766)
(62, 877)
(63, 801)
(64, 794)
(65, 788)
(66, 868)
(67, 856)
(68, 935)
(69, 807)
(70, 837)
(71, 951)
(72, 830)
(73, 725)
(74, 715)
(75, 741)
(76, 899)
(77, 867)
(78, 762)
(79, 804)
(80, 736)
(81, 910)
(82, 896)
(83, 864)
(84, 726)
(85, 746)
(86, 803)
(87, 866)
(88, 846)
(89, 737)
(90, 747)
(91, 951)
(92, 774)
(93, 774)
(94, 771)
(95, 670)
(96, 801)
(97, 841)
(98, 689)
80076
1904 37 1062 
