
seed
 1512398
playing 1000 rounds
[(0, 0.3371134020618557), (1, 0.32268041237113404), (2, 0.2443298969072165), (3, 0.06701030927835051), (4, 0.0288659793814433)]

seed
 4963463
playing 1000 rounds
[(0, 0.25205158264947247), (1, 0.3505275498241501), (2, 0.24150058616647127), (3, 0.10550996483001172), (4, 0.05041031652989449)]

seed
 1283218
playing 1000 rounds
[(0, 0.29689174705251875), (1, 0.3365487674169346), (2, 0.25616291532690244), (3, 0.0632368703108253), (4, 0.04715969989281887)]

seed
 8374263
playing 1000 rounds
[(0, 0.3989473684210526), (1, 0.3021052631578947), (2, 0.21263157894736842), (3, 0.05368421052631579), (4, 0.03263157894736842)]

seed
 6712362
playing 1000 rounds
[(0, 0.2995735607675906), (1, 0.35501066098081024), (2, 0.22921108742004265), (3, 0.08315565031982942), (4, 0.03304904051172708)]

seed
 4387523
playing 1000 rounds
[(0, 0.25727069351230425), (1, 0.35570469798657717), (2, 0.2483221476510067), (3, 0.09955257270693513), (4, 0.039149888143176735)]

seed
 6734345
playing 1000 rounds
[(0, 0.3598326359832636), (1, 0.3284518828451883), (2, 0.20606694560669456), (3, 0.07217573221757322), (4, 0.03347280334728033)]

seed
 9756767
playing 1000 rounds
[(0, 0.36075949367088606), (1, 0.3206751054852321), (2, 0.22046413502109705), (3, 0.06856540084388185), (4, 0.029535864978902954)]

seed
 4223432
playing 1000 rounds
[(0, 0.33907427341227125), (1, 0.32723358449946177), (2, 0.20990312163616792), (3, 0.08934337997847147), (4, 0.03444564047362755)]

seed
 2498375
playing 1000 rounds
[(0, 0.3949579831932773), (1, 0.3119747899159664), (2, 0.20063025210084034), (3, 0.06512605042016807), (4, 0.0273109243697479)]

seed
 9764687
playing 1000 rounds
[(0, 0.3884297520661157), (1, 0.3140495867768595), (2, 0.22107438016528927), (3, 0.05475206611570248), (4, 0.02169421487603306)]

seed
 1345323
playing 1000 rounds
[(0, 0.31236897274633124), (1, 0.33228511530398325), (2, 0.26519916142557654), (3, 0.0639412997903564), (4, 0.02620545073375262)]

seed
 4231178
playing 1000 rounds
[(0, 0.31777777777777777), (1, 0.3233333333333333), (2, 0.2311111111111111), (3, 0.09444444444444444), (4, 0.03333333333333333)]

seed
 8997675
playing 1000 rounds
[(0, 0.22624434389140272), (1, 0.36199095022624433), (2, 0.26244343891402716), (3, 0.10407239819004525), (4, 0.04524886877828054)]

seed
 9845743
playing 1000 rounds
[(0, 0.3648790746582545), (1, 0.30914826498422715), (2, 0.21556256572029442), (3, 0.07255520504731862), (4, 0.03785488958990536)]

seed
 1736432
playing 1000 rounds
[(0, 0.40062111801242234), (1, 0.28778467908902694), (2, 0.2277432712215321), (3, 0.056935817805383024), (4, 0.026915113871635612)]
