
seed
 1512398
playing 1000 rounds
[(0, 0.8515625), (2, 0.9371196754563894), (1, 1.0), (3, 1.0), (4, 1.8194444444444444), (6, 1.88), (5, 2.0), (7, 2.1666666666666665), (8, 2.7142857142857144)]

seed
 4963463
playing 1000 rounds
[(1, 0.8), (0, 0.8631578947368421), (3, 1.0097087378640777), (2, 1.0484848484848486), (4, 1.7708333333333333), (6, 1.9059829059829059), (8, 1.9285714285714286), (5, 2.125), (7, 2.523076923076923)]

seed
 1283218
playing 1000 rounds
[(0, 0.6756756756756757), (1, 0.8275862068965517), (3, 0.8561643835616438), (2, 1.069879518072289), (4, 1.853658536585366), (6, 1.9146341463414633), (5, 2.0), (7, 2.452830188679245), (8, 3.142857142857143)]

seed
 8374263
playing 1000 rounds
[(0, 0.5568862275449101), (1, 0.7297297297297297), (2, 0.8004750593824228), (3, 0.9044117647058824), (4, 1.9466666666666668), (5, 2.0), (8, 2.0), (6, 2.0476190476190474), (7, 2.268292682926829)]

seed
 6712362
playing 1000 rounds
[(0, 0.7768595041322314), (1, 0.9), (2, 1.0199556541019956), (3, 1.1538461538461537), (5, 1.5), (4, 1.6779661016949152), (7, 1.9791666666666667), (6, 1.9886363636363635), (8, 2.4)]

seed
 4387523
playing 1000 rounds
[(0, 0.6637168141592921), (1, 0.85), (3, 1.0125), (2, 1.1161616161616161), (5, 1.4166666666666667), (4, 1.8829787234042554), (6, 1.967741935483871), (7, 2.0), (8, 2.2777777777777777)]

seed
 6734345
playing 1000 rounds
[(0, 0.7014925373134329), (1, 0.7741935483870968), (2, 0.9384288747346072), (3, 0.9605263157894737), (5, 1.8888888888888888), (4, 1.95), (6, 1.9824561403508771), (7, 2.0), (8, 2.857142857142857)]

seed
 9756767
playing 1000 rounds
[(0, 0.6329113924050633), (1, 0.6333333333333333), (3, 0.7983870967741935), (2, 0.9250585480093677), (4, 1.8333333333333333), (7, 1.9454545454545455), (6, 2.101449275362319), (8, 2.1818181818181817), (5, 4.0)]

seed
 4223432
playing 1000 rounds
[(0, 0.5915492957746479), (1, 0.7777777777777778), (2, 0.9369158878504673), (3, 0.9565217391304348), (4, 1.7462686567164178), (5, 2.0), (7, 2.0526315789473686), (6, 2.0816326530612246), (8, 2.2142857142857144)]

seed
 2498375
playing 1000 rounds
[(1, 0.46153846153846156), (0, 0.4628099173553719), (2, 0.8025751072961373), (3, 1.0142857142857142), (4, 1.7118644067796611), (6, 1.7727272727272727), (7, 2.173076923076923), (5, 2.25), (8, 2.5714285714285716)]

seed
 9764687
playing 1000 rounds
[(0, 0.7), (1, 0.7666666666666667), (3, 0.7730496453900709), (2, 0.9005964214711729), (5, 1.5454545454545454), (4, 1.7037037037037037), (6, 1.7708333333333333), (7, 2.3157894736842106), (8, 3.3333333333333335)]

seed
 1345323
playing 1000 rounds
[(0, 0.7846153846153846), (3, 0.8527131782945736), (1, 0.896551724137931), (2, 1.0158371040723981), (4, 1.7468354430379747), (6, 1.813953488372093), (8, 1.875), (7, 2.152173913043478), (5, 2.2)]

seed
 4231178
playing 1000 rounds
[(0, 0.7401574803149606), (2, 0.9131455399061033), (3, 1.2053571428571428), (1, 1.3571428571428572), (5, 1.4), (4, 1.8064516129032258), (6, 2.022222222222222), (8, 2.125), (7, 2.267857142857143)]

seed
 8997675
playing 1000 rounds
[(1, 0.6), (0, 0.7473684210526316), (3, 1.0224719101123596), (2, 1.1551724137931034), (5, 1.6666666666666667), (4, 1.8476190476190477), (6, 1.8677685950413223), (7, 2.1358024691358026), (8, 2.25)]

seed
 9845743
playing 1000 rounds
[(0, 0.6647058823529411), (1, 0.8), (3, 0.8740157480314961), (2, 0.9334975369458128), (4, 1.6666666666666667), (5, 1.6666666666666667), (8, 2.1666666666666665), (6, 2.2098765432098766), (7, 2.2142857142857144)]

seed
 1736432
playing 1000 rounds
[(0, 0.5654761904761905), (1, 0.8), (2, 0.9014675052410901), (3, 0.9635036496350365), (4, 1.7073170731707317), (6, 1.962962962962963), (5, 2.142857142857143), (7, 2.3255813953488373), (8, 2.75)]
