
seed
 1512398
playing 10000 rounds
[(0, 0.7253685027152832), (1, 0.7598944591029023), (2, 0.9096617378975086), (3, 0.9586357039187228), (4, 1.6962843295638126), (6, 1.900337837837838), (5, 2.015873015873016), (8, 2.1666666666666665), (7, 2.1769230769230767)]

seed
 4963463
playing 10000 rounds
[(1, 0.7412935323383084), (0, 0.7434077079107505), (3, 0.9780793319415448), (2, 1.0603174603174603), (4, 1.7752247752247752), (6, 1.95837275307474), (5, 1.9915254237288136), (7, 2.2839838492597577), (8, 2.311111111111111)]

seed
 1283218
playing 10000 rounds
[(0, 0.6702568351284176), (1, 0.7913669064748201), (3, 0.9389600602863603), (2, 1.001174536058257), (4, 1.7682619647355164), (6, 1.967866323907455), (5, 2.0804597701149423), (7, 2.179159049360146), (8, 2.35)]

seed
 8374263
playing 10000 rounds
[(0, 0.5281941470378301), (1, 0.6511627906976745), (2, 0.8140589569160998), (3, 0.8925680647534953), (4, 1.8480463096960926), (6, 2.042666666666667), (5, 2.096774193548387), (8, 2.208955223880597), (7, 2.2475822050290137)]

seed
 6712362
playing 10000 rounds
[(0, 0.7192846034214619), (1, 0.8333333333333334), (2, 0.9946559786239145), (3, 1.0096830985915493), (4, 1.7184065934065933), (5, 1.8144329896907216), (6, 1.9398207426376441), (7, 2.0877551020408163), (8, 2.3580246913580245)]

seed
 4387523
playing 10000 rounds
[(1, 0.6736401673640168), (0, 0.6745562130177515), (2, 1.0345538937596699), (3, 1.0611551528878822), (4, 1.7897727272727273), (5, 1.9066666666666667), (6, 2.022380467955239), (8, 2.2091503267973858), (7, 2.215434083601286)]

seed
 6734345
playing 10000 rounds
[(0, 0.6461897356143079), (1, 0.7465753424657534), (2, 0.8869325413661434), (3, 0.9612903225806452), (4, 1.7739520958083832), (6, 2.0029282576866763), (5, 2.0588235294117645), (7, 2.180451127819549), (8, 2.2903225806451615)]

seed
 9756767
playing 10000 rounds
[(0, 0.7205270457697642), (1, 0.8772455089820359), (3, 0.8828671328671329), (2, 0.9267260579064588), (4, 1.7695652173913043), (5, 1.9193548387096775), (6, 1.9713467048710602), (7, 2.1190965092402463), (8, 2.3854166666666665)]

seed
 4223432
playing 10000 rounds
[(0, 0.5975017349063151), (1, 0.7963636363636364), (3, 0.9140926640926641), (2, 0.9315134099616859), (4, 1.8037135278514589), (5, 1.9193548387096775), (6, 2.02), (7, 2.1126516464471403), (8, 2.407766990291262)]

seed
 2498375
playing 10000 rounds
[(1, 0.6586206896551724), (0, 0.6787658802177858), (2, 0.8703898840885143), (3, 0.9649614576033637), (4, 1.7906976744186047), (6, 1.9647779479326186), (5, 2.042105263157895), (7, 2.0859030837004404), (8, 2.305084745762712)]

seed
 9764687
playing 10000 rounds
[(0, 0.6685667752442996), (1, 0.7934131736526946), (2, 0.9046540362438221), (3, 0.925752508361204), (4, 1.7154471544715446), (6, 1.867816091954023), (5, 1.9213483146067416), (8, 2.161290322580645), (7, 2.1683417085427137)]

seed
 1345323
playing 10000 rounds
[(0, 0.7310344827586207), (1, 0.8175438596491228), (3, 0.951004016064257), (2, 0.9548286604361371), (4, 1.7360208062418725), (6, 1.9182058047493404), (5, 2.0759493670886076), (7, 2.1792828685258963), (8, 2.472972972972973)]

seed
 4231178
playing 10000 rounds
[(0, 0.6460377358490565), (1, 0.7330827067669173), (2, 0.9483430799220273), (3, 0.9908998988877654), (4, 1.7991004497751124), (5, 1.9242424242424243), (6, 2.009122006841505), (8, 2.2432432432432434), (7, 2.2569832402234637)]

seed
 8997675
playing 10000 rounds
[(1, 0.7294685990338164), (0, 0.7306949806949807), (3, 1.0578231292517006), (2, 1.0643290999447819), (4, 1.7435897435897436), (5, 1.79), (6, 1.9342105263157894), (7, 2.104516129032258), (8, 2.256198347107438)]
