
seed
 1512398
playing 10000 rounds
[(0, 0.36931642437364676), (1, 0.3244664398391587), (2, 0.21517682235281987), (3, 0.06485204660274255), (4, 0.026188266831632126)]

seed
 4963463
playing 10000 rounds
[(0, 0.252043112637688), (1, 0.34869122349875636), (2, 0.2618737415610565), (3, 0.09463460855146275), (4, 0.04275731375103636)]

seed
 1283218
playing 10000 rounds
[(0, 0.3471475271538543), (1, 0.339238637561953), (2, 0.22113255298956028), (3, 0.06485289465359063), (4, 0.027628387641041863)]

seed
 8374263
playing 10000 rounds
[(0, 0.2569620253164557), (1, 0.357307249712313), (2, 0.2518987341772152), (3, 0.09194476409666283), (4, 0.04188722669735328)]

seed
 6712362
playing 10000 rounds
[(0, 0.28474988933156264), (1, 0.34462151394422313), (2, 0.24369189907038513), (3, 0.08919876051350155), (4, 0.037737937140327575)]

seed
 4387523
playing 10000 rounds
[(0, 0.3286858807616273), (1, 0.34460513994381436), (2, 0.226303194256581), (3, 0.07137654770575383), (4, 0.029029237332223495)]

seed
 6734345
playing 10000 rounds
[(0, 0.3293966072578913), (1, 0.33004079879750914), (2, 0.2312647627227829), (3, 0.07622933218810393), (4, 0.033068499033712694)]

seed
 9756767
playing 10000 rounds
[(0, 0.2925421883505716), (1, 0.3495917256396298), (2, 0.24354926510615132), (3, 0.07904191616766468), (4, 0.03527490473598258)]

seed
 4223432
playing 10000 rounds
[(0, 0.3955625990491284), (1, 0.30153195985208664), (2, 0.20274696249339672), (3, 0.06973058637083994), (4, 0.030427892234548337)]

seed
 2498375
playing 10000 rounds
[(0, 0.32966673927248963), (1, 0.33097364408625574), (2, 0.22740143759529513), (3, 0.07939446743628839), (4, 0.032563711609671094)]

seed
 9764687
playing 10000 rounds
[(0, 0.3427981414558596), (1, 0.33474445018069177), (2, 0.22632937532266392), (3, 0.06855962829117192), (4, 0.027568404749612804)]

seed
 1345323
playing 10000 rounds
[(0, 0.3804731272048143), (1, 0.31323926125752233), (2, 0.21238846233658434), (3, 0.07013903299439718), (4, 0.023760116206681885)]

seed
 4231178
playing 10000 rounds
[(0, 0.38157485216308745), (1, 0.3134142545907252), (2, 0.21122523083307396), (3, 0.06494449631704534), (4, 0.028841166096068058)]

seed
 8997675
playing 10000 rounds
[(0, 0.37965571205007825), (1, 0.31632759520083464), (2, 0.2092853416797079), (3, 0.06791862284820031), (4, 0.026812728221178927)]
